21.269
23.4449
23.8214
23.752
22.2362
19.637
21.575
24.165
22.9086
21.0477
23.6198
22.893
23.5913
21.645
23.2669
23.1723
20.5114
23.4562
21.9149
22.7765
23.1077
21.674
22.732
22.7016
21.5609
22.137
21.0554
22.7632
22.0124
21.9249
21.754
22.1339
21.8265
22.6275
22.197
22.862
23.1978
23.2471
21.3319
23.3253
21.9685
21.7359
21.3076
23.5817
23.599
23.0634
21.2823
21.9065
23.0644
23.159
22.551
23.88
23.2603
20.8539
21.254
23.7847
21.2116
20.9573
23.0582
23.1987
21.0825
23.968
23.0468
21.3942
23.962
23.9864
22.476
23.1847
21.811
20.4863
22.6173
20.6504
22.3867
23.3571
22.7382
23.5167
23.4571
21.453
22.4987
21.8878
21.9996
23.5546
23.5339
22.7859
22.6676
21.3045
21.9506
23.3215
21.2327
20.6332
22.151
23.9957
21.6656
22.3128
22.6246
22.1106
21.559
20.3854
22.1574
21.3517
22.0893
21.1763
24.0029
21.9575
23.5704
21.4536
22.5124
20.5341
21.7026
20.8856
21.8308
23.1644
22.2321
22.5621
23.3748
21.1539
22.8647
22.389
23.0426
20.0691
22.9517
22.8761
22.2601
22.2581
20.8718
23.9838
23.3844
22.4564
22.1967
22.384
21.9631
22.6281
21.6182
21.7706
21.1715
23.4737
22.1623
22.0948
21.2602
21.6545
21.5844
21.8112
21.2805
21.3359
22.5459
22.3951
22.348
21.72
20.4704
21.1557
21.4524
23.0001
23.1304
21.6497
21.6403
21.7483
20.6804
21.0317
22.6844
20.344
23.3336
21.1868
22.0837
23.0874
21.6114
21.7467
22.3459
24.3076
22.2442
22.7853
21.7421
24.4
21.886
21.4029
20.4307
21.8041
22.5185
22.6757
21.6533
23.073
21.9031
21.6575
20.9738
22.3524
22.8269
21.7424
21.8705
21.8451
21.7186
22.1685
22.0538
23.1603
22.5595
22.1256
23.2514
24.4845
21.338
22.5373
24.2212
21.7973
20.8585
21.9715
23.5625
23.4237
21.8094
22.6799
22.7128
21.8344
21.5167
23.5136
20.8455
23.1696
22.4118
20.7893
22.3171
21.412
22.8052
23.2237
20.528
20.2172
22.0574
22.4736
20.7104
21.765
23.3697
22.7229
22.689
22.1027
21.6089
21.8567
21.5306
21.1835
20.5579
22.3263
23.6991
23.4986
21.5611
20.938
22.1794
23.7185
22.6782
20.6599
23.1266
21.3845
23.0649
22.3969
22.3582
21.9551
22.9021
23.7038
21.4056
20.6404
21.9557
21.3157
23.1809
21.9563
21.1217
21.3001
20.3507
21.9985
23.4116
22.7762
22.1228
21.6225
22.8331
22.3659
23.0808
21.9104
23.1599
22.8225
21.8857
22.474
23.2641
23.0524
23.1681
23.0171
21.935
19.801
22.2242
21.2059
22.2545
22.6391
21.2916
21.1593
22.294
21.8404
20.916
21.2832
24.4152
22.2749
22.4149
22.293
21.1333
22.8862
21.8403
22.2907
23.0446
21.0652
21.8572
23.3189
22.2622
22.7812
21.329
21.9725
23.6489
23.4927
22.2748
22.1985
23.28
23.4551
22.8339
21.6448
22.1229
22.208
22.5557
21.5721
22.5153
21.8489
23.1479
22.7646
23.1739
23.4833
23.5681
22.6342
23.2915
22.3128
22.9609
22.8792
21.6532
21.339
22.6224
21.7217
24.5484
23.305
22.8772
21.2383
20.9158
21.0174
21.5084
21.2362
22.4504
23.4116
21.8872
