16.2612
14.7662
13.9112
14.0208
12.2742
9.29976
19.3266
18.1673
14.7527
18.0808
18.5215
14.8812
12.5497
9.94017
10.8861
15.184
16.3227
13.5603
14.0812
20.9932
8.58328
20.7929
19.291
14.5125
14.8405
22.1228
8.9424
15.1577
12.3014
10.6034
19.1045
12.9097
12.6734
11.1314
17.0759
18.5609
14.2181
14.8804
11.685
17.0794
11.4703
12.856
16.9037
16.5001
9.93501
11.7469
13.7173
18.4232
7.94881
19.9674
17.5081
14.6465
13.3788
16.5521
18.0521
17.8243
23.0978
17.4356
19.1615
10.6941
18.4127
19.7384
12.1956
11.5407
12.9341
10.6949
11.4674
17.8267
22.4265
17.2579
17.2017
16.4664
