16.4615
10.8106
14.6629
11.1972
17.238
17.9548
8.84758
7.33693
10.5841
12.0698
6.37176
7.81159
9.90291
5.38276
13.5158
8.66411
20.268
14.7566
6.70324
12.9702
8.84543
5.01089
12.0705
11.2512
8.61676
12.1842
17.7123
8.29346
13.0244
8.92069
11.107
8.28037
2.25594
12.8003
14.7042
7.34517
13.3127
12.8617
19.1882
9.70174
4.58143
4.23463
3.35037
12.1938
15.6047
9.42001
9.7291
8.81115
9.30498
12.1368
6.80144
9.02797
7.31277
12.7726
7.75422
11.9156
14.8636
16.8834
10.3007
6.23983
10.1225
10.3842
13.618
11.5847
9.26708
5.02484
9.98191
7.38669
6.23502
14.1449
10.1478
17.7981
8.87987
9.29367
13.0369
14.1062
9.01706
3.8461
12.3277
4.96766
8.8493
9.00308
9.77777
7.62885
8.02143
13.621
13.3925
9.61669
12.6646
2.79686
7.26664
12.2488
10.431
8.63842
7.22423
3.10304
11.748
10.5989
5.26576
19.0329
10.6104
21.4218
8.53361
10.8415
13.3145
17.4336
8.3151
13.323
9.87973
17.1624
13.6529
14.3886
9.25694
14.6435
14.8929
9.78362
8.46251
10.1676
9.48855
22.4466
13.0392
8.40208
6.73594
9.36604
16.1758
17.8337
6.77598
10.3633
12.8463
8.5315
13.0909
14.2683
17.1883
10.0755
7.92285
7.42454
9.94818
10.7517
21.5575
14.8877
14.567
7.36767
16.9183
17.9079
14.247
11.8325
8.04501
9.10815
18.3044
13.246
14.3557
10.4639
8.62204
12.3514
16.5146
16.0988
18.8013
12.5992
9.86141
19.8777
6.6408
10.2209
6.83867
13.7831
15.2332
10.979
15.1412
10.0025
8.61763
7.26922
6.82341
10.3568
9.89428
13.5073
15.8009
7.45811
13.0494
10.7053
6.34849
7.23048
5.0412
13.5934
13.4174
15.4352
8.43648
16.397
8.49085
8.5162
3.43893
11.9239
14.3509
10.5517
10.4719
9.43154
12.5142
5.9045
7.03488
8.38944
8.97111
10.5576
19.1851
14.8943
9.21175
8.55612
6.40656
10.0814
10.715
15.0422
4.61092
6.40691
8.27286
10.6143
9.93368
14.2582
15.9835
17.2648
10.8703
10.2215
10.5428
22.462
15.6787
7.7367
9.83013
11.083
14.2078
13.1128
13.4445
13.2062
8.19783
16.8578
11.4709
2.1812
11.3303
9.90093
9.45265
11.2832
22.9522
18.5388
2.9169
11.5771
11.6379
18.6225
7.72651
9.74613
11.7053
7.64206
9.76436
13.9152
7.7321
13.6236
18.2837
12.5268
4.6156
3.07771
8.72997
7.04605
12.9929
16.043
18.9065
11.3822
5.18079
14.7076
14.4455
11.1065
10.3918
15.609
10.2992
5.27593
9.51454
13.4175
9.16836
13.0881
7.7635
11.963
12.7165
7.79387
11.1335
20.3946
12.9449
13.2293
8.29303
9.00081
15.4871
15.8797
11.1238
14.4428
17.4535
15.458
16.6674
16.1462
14.0904
12.0004
13.6238
9.62108
8.8244
12.7112
8.42192
20.353
13.2085
11.8078
10.5884
11.2998
19.109
17.2738
10.2757
7.49646
11.2785
10.0341
12.4356
11.9707
11.029
15.3262
14.3266
8.57398
11.9103
6.55948
11.3108
14.2546
13.7409
8.97416
11.5166
12.736
14.1399
6.23043
5.7298
3.27996
10.8168
14.6012
11.8902
4.32213
13.2338
15.4569
15.8501
10.3492
9.79221
14.6498
14.3913
12.6696
16.023
15.6738
5.62939
15.5773
13.1695
