60.8794
75.9208
55.9357
65.2093
57.7652
75.0705
64.5286
64.0366
79.7038
67.3633
57.9439
77.588
52.2501
66.6531
57.7336
70.4546
50.9006
69.9977
73.3561
71.0487
65.7493
50.5512
73.0244
62.9413
60.2074
56.7058
70.7235
55.021
70.9993
65.7273
51.4982
57.4205
55.9325
60.7718
65.6178
69.9223
58.5442
68.5667
75.6275
57.8538
48.5157
66.2009
59.4188
50.4283
55.3868
68.7896
53.4176
49.6575
71.3888
63.0784
70.6695
73.9769
53.5207
61.08
69.7095
66.5932
78.7909
62.7354
69.9983
72.7622
65.4954
65.1513
70.7873
70.4104
62.3632
65.3785
68.403
66.17
69.0717
53.319
72.4348
73.4472
74.7955
71.1485
59.5232
63.4209
53.131
61.5492
73.7667
54.658
64.6474
76.3786
71.7912
50.1302
50.4753
71.4888
66.3833
66.0585
68.2792
64.8129
67.8683
71.1944
70.5276
54.7717
58.263
67.7046
53.6093
47.3994
68.534
71.1411
72.0315
54.499
50.194
62.46
77.7852
63.4933
66.2086
68.5098
66.4604
73.0901
69.8241
62.9447
70.6673
58.6516
62.1804
59.6182
58.4255
63.9449
61.2662
69.0616
75.4134
56.8345
51.0919
52.3481
62.196
52.0003
68.7924
65.1907
51.7131
62.7127
70.0523
57.5899
68.0367
64.4785
51.8364
70.8742
78.8172
56.5889
74.8986
69.2687
59.9646
51.2877
56.0424
61.837
53.3248
66.8992
71.3941
62.8231
54.2968
68.8885
55.9321
70.117
62.0812
52.232
53.2692
65.2477
57.9781
61.1738
56.3167
55.1277
66.7096
69.9832
55.6082
63.3024
52.9007
62.8045
63.4812
69.1383
69.5677
69.4777
66.022
62.6373
70.5596
63.2174
71.2686
71.2178
60.9594
60.0072
52.8217
53.9213
60.8688
66.2307
48.9797
74.7177
63.9635
54.8248
75.548
72.2001
47.0101
61.057
61.8313
68.4874
73.51
68.6762
55.9171
56.733
62.2192
58.6938
60.0353
61.5927
64.4005
62.5893
70.9179
56.013
72.2247
54.3241
53.6946
70.5844
65.3749
77.6207
60.4281
67.6091
61.7277
65.1945
71.4146
62.9725
53.8929
67.0992
67.0543
53.9087
68.751
69.2302
67.1136
53.4992
54.2342
66.6625
59.2509
68.3138
51.8969
76.7101
56.552
59.5822
76.2498
74.9409
64.8472
71.8778
73.7648
59.3865
56.7199
66.5815
71.9871
65.6782
50.7726
63.2872
67.9204
60.3045
69.3742
73.3101
72.6583
70.1936
70.7486
68.7472
51.7984
72.3931
55.1493
63.5263
76.4167
66.4828
75.502
70.8605
75.337
60.119
77.3652
67.5034
67.2068
55.6371
68.3101
74.5785
66.5367
62.7931
73.672
64.4612
58.5523
71.6259
65.9095
72.2878
51.7982
56.2512
64.0041
74.6532
68.1713
77.0917
67.4118
60.2743
65.7309
67.1834
61.9859
66.3484
65.2452
80.5691
66.9317
55.5488
76.4279
55.583
49.1256
47.6858
59.5262
75.8537
55.7833
52.2995
74.9612
54.4381
46.7902
60.4723
52.1327
64.9749
75.559
70.2673
65.9401
62.0335
58.8899
56.3128
75.7654
56.5306
55.7349
70.917
69.8666
67.857
51.545
63.5871
54.5988
70.6918
66.102
73.6259
68.7742
68.7783
65.4551
69.1741
68.4492
56.3749
52.522
52.7588
57.0305
52.2071
68.0416
56.7478
54.061
56.7699
55.1341
54.0157
69.0962
66.8991
56.6941
75.7317
61.4546
76.6549
65.3606
70.2232
65.8641
59.8437
62.112
54.1368
62.5718
64.66
54.9586
62.7318
75.2027
60.3585
66.2013
71.3367
54.9033
72.2332
64.8412
56.3901
66.0116
69.5193
53.6868
71.0118
64.3928
54.2159
61.2574
64.6126
77.1233
60.7065
57.7964
67.0637
60.1958
54.1969
73.1221
53.8871
71.94
51.6006
57.6157
54.8206
60.5292
55.9106
68.1449
62.8821
77.8059
60.3638
61.5433
65.3295
73.017
48.2673
59.4012
62.0051
71.1325
57.4571
58.8501
62.2533
71.9525
70.6519
66.7581
53.3047
61.1833
75.057
74.6544
56.2645
65.4944
65.1519
65.9445
66.3072
72.8459
50.7188
51.1137
56.2007
67.0116
62.8504
68.6692
58.6139
71.9757
70.7458
59.6218
59.5083
54.4111
53.0858
55.7759
58.8993
61.1682
62.8735
75.7725
49.3129
69.0285
59.7285
68.1945
48.2631
65.632
54.7975
51.6563
71.4977
57.4438
73.3729
69.944
47.5259
63.248
66.8327
78.853
61.0101
64.0336
57.869
59.0312
73.6809
61.2048
64.1156
49.4435
69.4615
62.9532
61.8689
51.9385
59.7356
74.0419
69.3969
63.5151
63.6027
68.6007
49.4718
70.7532
72.5497
58.9277
52.9895
65.6285
49.1236
54.1703
56.0319
58.4207
72.4329
71.2995
70.9398
72.501
64.0499
76.231
54.7814
73.1872
68.0594
51.2111
58.6035
64.0541
59.7128
61.2077
70.0618
71.8911
66.4529
73.4194
49.3078
69.7375
68.8175
64.7237
72.7375
61.3489
48.7461
63.9477
63.2944
67.5854
71.3733
53.2818
52.8604
65.0547
77.3703
58.1254
66.5455
73.1239
63.771
50.569
58.4979
72.4829
69.5736
74.4284
68.648
65.9927
67.855
65.7072
57.7014
69.0048
59.7932
54.8336
51.287
70.4035
72.302
70.7882
58.5113
75.0031
50.5531
77.9211
66.6127
64.6729
69.6561
48.3898
57.9874
59.7776
70.8057
68.4255
49.6993
67.7767
73.332
72.9236
52.3689
65.4335
61.8082
71.8782
67.2346
50.581
65.6786
59.8118
72.4525
79.8191
70.5613
64.1963
63.4682
51.2456
68.8131
70.6926
72.4575
71.861
63.1714
61.7903
75.6657
76.7222
71.6777
69.3189
66.5176
64.8389
71.0485
73.0879
59.2901
73.5711
67.8006
66.6806
53.0561
52.4844
64.2673
61.9052
54.5368
67.848
63.585
74.0266
68.3542
77.6416
74.444
60.4834
63.0195
67.4123
68.5726
60.0643
76.6731
65.6471
80.4484
61.6401
65.7388
56.1914
61.561
64.8989
71.3371
61.7496
59.3413
62.2792
63.859
58.3014
61.6694
63.0735
80.3261
50.9193
71.2665
51.1789
56.7468
68.8478
71.7657
70.4519
53.653
48.1046
66.5966
64.4056
59.9525
57.3071
73.1122
52.4012
53.4617
74.7635
54.1737
72.8833
53.3836
73.7706
72.4563
71.0427
63.6797
67.4491
62.6912
64.751
62.9803
76.5928
52.4801
70.8426
68.1296
53.9952
61.8212
65.851
58.5201
77.1325
51.726
56.2205
74.0302
62.3599
56.5802
53.7555
71.6962
61.5462
68.4496
56.8489
60.3565
63.7879
73.6111
63.9825
61.2179
68.8492
75.6755
57.5778
71.3206
72.9889
68.5093
59.3194
53.8787
55.6634
73.5523
58.9991
76.8535
64.3823
75.2615
62.2148
51.0517
55.8482
62.7088
68.5358
50.0246
61.8623
65.9145
53.2916
67.4267
69.897
56.7435
70.3188
64.4232
75.4107
59.46
59.3103
59.6349
53.2826
57.5277
64.2563
72.9547
53.2428
63.1595
71.3126
65.9918
62.1033
68.7836
72.3569
55.467
71.9381
57.1181
68.0117
69.0742
70.1971
65.4848
53.1947
55.4281
67.6075
61.7879
77.0781
73.5684
60.2752
53.8942
74.9353
69.5098
64.0858
62.2874
75.1744
71.1251
66.006
76.4126
53.4656
76.694
50.6228
70.7827
70.6246
56.1489
55.3335
53.5839
63.7
62.9836
58.6662
56.1878
74.8787
69.9372
57.4016
71.8072
55.9078
54.2525
66.242
49.9476
53.3287
58.5836
48.6107
65.332
66.2407
77.9004
66.8295
57.8791
60.6601
72.4093
62.0829
68.0916
51.001
54.4443
65.3936
75.3504
55.5987
65.3173
74.4395
58.9134
79.6577
57.548
60.361
70.6779
62.0027
57.5007
64.7158
57.2253
54.1522
56.4521
51.7118
67.3671
69.1567
73.0028
51.8715
71.2437
65.5036
57.1721
64.773
72.3747
70.8151
61.1595
67.7719
62.8859
54.8337
56.2574
47.3965
69.5498
68.9184
46.9415
70.7838
58.1413
52.4831
77.8397
67.7465
77.5746
76.0525
50.7195
53.963
58.4267
76.6012
54.752
74.0432
70.0243
62.1267
64.9012
60.3831
69.438
69.7468
50.4862
71.8881
62.3121
60.3849
68.2047
54.8492
70.8838
66.8534
69.1143
70.5098
57.8226
55.5937
54.0388
50.2938
70.467
61.4215
59.2096
71.303
74.231
56.8476
55.6411
64.7721
50.9241
60.5943
67.7787
54.2339
54.8283
73.4898
70.0578
58.0413
79.223
65.9241
73.1392
72.0425
56.841
82.3585
61.3168
55.2567
73.0289
64.9565
64.6378
53.4664
52.3244
53.007
51.6519
75.8215
71.651
54.4146
68.37
52.3404
56.2776
55.8685
52.7129
75.6006
58.9922
57.4206
66.8561
69.8104
55.7988
56.8582
72.1287
59.532
64.304
69.8313
76.2717
68.9128
58.7714
60.4851
65.5881
66.6447
65.6521
47.8693
74.9229
66.9169
71.8741
74.3641
65.3954
54.7701
65.205
76.888
76.4811
67.851
64.1128
65.3436
70.5451
64.7771
61.4186
49.8777
72.0505
65.4402
69.9146
67.5774
66.1966
60.8431
70.3626
59.9383
68.1244
58.265
74.1949
53.4799
61.5424
61.2073
60.8102
70.6227
57.6615
52.0121
62.9912
58.3153
67.2467
54.4637
68.6426
76.507
73.5499
57.9201
66.5183
64.4037
63.7516
67.673
68.6441
64.5104
54.3952
59.1496
71.6999
71.9656
52.8216
60.7757
59.2714
71.2825
59.5449
71.4351
75.9524
62.6284
67.5552
75.3913
57.1428
74.8684
63.2765
61.9735
70.3975
65.1832
55.5175
51.9591
63.7744
57.8666
72.9175
63.7466
56.1142
55.0412
57.1199
68.5899
71.088
69.1928
71.6707
53.5511
57.7758
68.1311
60.23
73.7609
54.6267
54.3078
59.0225
74.66
70.4828
77.9248
68.5476
60.7397
62.4762
70.3345
51.0349
69.6103
63.935
60.7965
70.0431
66.1109
51.4982
69.0563
65.5142
56.7231
57.3494
74.4507
61.4792
63.4487
69.315
63.2751
72.7326
65.5517
69.3838
58.68
57.6899
66.6397
55.1042
70.5445
70.2035
74.477
70.4468
59.7732
62.8063
55.2948
69.966
58.2697
60.2742
55.3182
61.8974
74.5565
70.3612
55.9478
58.1938
75.8365
69.1322
59.8109
56.4549
49.26
54.6515
74.7176
64.0005
58.8233
63.5107
58.876
52.1488
74.947
65.5115
55.5424
63.9723
57.272
75.2399
70.2668
50.7153
63.8038
54.7713
54.7475
53.5427
55.5291
78.9465
66.856
67.6049
53.8278
57.6005
63.3734
69.4467
47.1176
62.8416
79.3543
69.109
68.8132
64.7256
69.232
48.0986
62.3749
74.3116
72.7848
56.5134
60.1177
70.8931
56.7115
61.1775
59.0186
67.4862
71.5196
71.1641
67.2274
49.1238
47.0494
62.0994
54.2428
65.2073
72.6079
68.5602
71.9517
54.4592
72.2059
66.9376
64.8624
72.2264
73.155
58.9329
67.6502
65.4043
58.6415
61.0021
62.4293
73.4397
64.8516
71.153
64.6725
50.723
71.2793
60.7321
58.0366
56.2198
52.9468
67.6714
75.3117
75.9181
69.246
61.361
67.7456
59.2799
53.8404
63.8798
53.6559
63.8937
61.6273
73.7846
62.6282
72.7393
71.0202
74.14
57.6231
67.5456
64.2693
71.2934
69.1771
68.8678
60.908
58.0176
69.9378
70.2228
74.6238
74.3607
53.7094
73.3616
56.804
61.9074
70.2256
72.3398
71.2274
64.6486
56.3686
61.282
62.5541
64.8311
76.3224
69.1711
52.4003
62.6757
55.8857
73.4495
70.556
73.4928
55.2225
71.3293
64.6109
74.8646
53.0783
54.3939
72.663
53.1218
48.2995
66.8713
47.8695
59.975
66.2718
75.5617
69.9852
60.4679
56.2818
52.4521
62.9413
62.0675
53.1722
55.539
75.1108
57.941
70.0526
47.0343
77.1086
67.7633
65.2
61.2315
59.1545
69.5555
52.8444
72.6854
53.3949
66.9912
49.9835
70.2695
76.5283
61.3661
71.2246
64.1834
70.3498
72.4776
58.8192
61.2442
68.8717
59.3543
47.6552
58.3612
60.3139
71.9049
75.5382
73.2288
64.711
58.9768
52.2775
75.1497
67.87
67.291
75.2214
57.4463
69.7205
53.707
65.5893
64.4996
68.3822
55.3843
55.2308
65.5342
76.4917
51.9652
74.9095
60.6225
69.8872
64.2621
66.2163
76.9502
55.8216
69.4675
55.312
64.2168
67.6894
57.2122
57.9522
57.8692
69.558
60.2456
72.4215
62.7009
59.7857
60.9385
48.7996
54.4343
72.5771
72.8759
78.1928
71.251
61.7632
61.9978
68.6402
66.2775
51.1657
69.6499
57.7602
60.2823
52.3736
63.4416
57.2129
67.0187
59.3061
70.1616
75.721
48.0688
66.2876
61.5259
57.5602
59.7283
65.9458
71.0398
57.5508
75.2617
59.4103
64.2653
56.959
62.1803
74.1271
52.8183
68.4573
66.0628
56.4364
77.0324
52.2796
51.8157
56.4854
45.427
68.1629
73.5818
71.0707
70.8193
72.677
71.4297
49.4647
66.1039
61.9678
60.9026
68.7524
70.7314
48.9522
62.9901
65.4436
55.7662
52.1713
71.8802
63.7439
56.5499
61.4669
53.9188
51.7014
77.3868
59.7678
68.6001
76.3206
78.7912
56.6404
57.4648
76.5374
68.9726
65.6468
73.3389
51.093
75.0907
62.7471
70.5854
53.8191
72.2959
56.3899
60.5193
66.0998
71.7966
69.9817
53.2032
61.6336
70.8151
68.2991
65.2369
65.0711
80.6537
69.483
74.2833
61.4519
51.1337
64.7562
75.9632
73.068
67.7698
52.0873
60.2251
61.3332
51.074
70.9853
66.7787
56.3966
50.9602
52.703
60.2465
62.8979
54.5432
51.4335
66.5521
74.0133
55.2479
63.9357
62.6135
74.7272
62.4155
60.6297
58.7457
59.7847
65.1458
69.1077
50.587
72.4326
77.0163
68.1474
65.3852
69.1324
55.3083
78.9979
65.5599
65.764
62.4828
59.4755
70.6933
63.8732
76.7874
66.2108
55.3185
65.653
65.5396
66.3871
50.6482
52.359
57.8042
53.5576
67.4048
71.6487
74.1258
49.9786
62.27
72.0319
52.2808
69.3464
61.606
64.1493
60.6806
61.9548
56.7466
52.8722
56.9198
53.0665
62.4787
68.9422
58.0254
60.4364
50.1168
64.364
46.7797
64.289
51.8384
63.8578
69.9128
53.8595
51.5703
49.4679
54.4499
70.2899
73.2199
52.0865
64.5957
74.3617
55.1868
79.3602
70.8447
77.2764
74.3715
70.2123
69.4097
67.0902
65.3621
79.5594
71.5588
68.5605
44.8043
69.9974
59.5217
52.1083
50.8533
56.7482
72.566
50.419
52.1627
49.4182
68.2598
60.847
59.4002
69.3265
48.422
67.3019
56.2502
66.2747
56.6711
60.1169
78.755
74.3091
66.7873
70.8816
71.4838
68.742
60.9992
64.5693
61.3206
65.4171
58.744
60.316
76.5628
63.2111
73.418
63.7125
58.0657
57.7362
72.5766
74.6597
66.4322
52.8332
59.5203
78.8683
52.3241
70.2021
71.7354
65.6541
57.6287
54.9642
81.9649
68.979
65.6072
49.1083
58.8872
67.5696
63.8925
73.6776
58.2379
68.1315
66.8854
77.5917
57.1507
73.5493
64.4286
59.6107
59.6805
73.5933
74.5406
81.6265
54.8332
63.6877
60.3876
72.0855
51.0963
63.7308
63.6484
70.6511
52.3676
59.8715
67.6592
62.3669
75.2847
73.0048
48.0014
59.4671
68.23
64.4695
75.2377
59.0081
60.3521
77.4703
63.6338
69.7524
67.7125
63.0071
67.0767
73.2722
68.5586
51.5097
71.1162
57.8954
75.0151
53.791
73.1919
76.1807
68.6834
56.7756
59.448
64.734
55.4247
49.2534
54.4436
55.9106
64.8711
71.7992
67.1052
62.361
73.3062
63.5943
57.0941
66.0814
62.0016
73.0691
55.5167
51.9054
70.1644
51.865
64.9294
66.8152
61.1564
53.0425
64.7421
64.3436
70.4235
66.0461
54.5658
72.9682
68.8878
74.8261
55.0067
66.8814
53.7213
75.1521
60.5535
59.2166
66.1522
68.3035
67.2609
59.1803
51.4173
59.9465
55.7485
56.0825
61.3534
56.48
73.6221
70.5128
72.0552
64.3886
53.2489
74.9823
58.5712
75.9047
63.9712
79.4206
74.639
58.2661
74.232
71.6939
54.3739
54.4358
69.8188
59.6358
54.427
75.2374
72.2231
81.7995
68.0929
62.5408
70.6256
54.8584
68.2329
52.3164
66.4703
68.3463
51.2343
68.6135
79.4081
70.3957
47.9296
68.6681
71.2014
68.9236
54.0926
73.7315
64.6549
58.4182
68.3557
68.9126
69.0313
67.8411
64.8873
68.8339
68.7529
67.3704
70.5811
56.9289
57.6938
66.7503
64.269
62.8995
53.9315
62.6172
50.2407
70.7857
67.1921
59.2419
70.052
58.7317
76.4933
67.0599
49.3388
79.2819
69.6229
64.8254
59.8335
48.483
60.2424
62.6225
67.4978
55.3884
69.136
73.6251
60.5045
61.3839
75.4722
63.9297
63.7546
49.7781
60.5979
70.976
68.5555
78.7358
60.4277
62.8602
66.8024
51.1929
55.4072
67.3631
75.1114
55.5856
73.6023
71.886
56.3371
59.9156
65.3606
61.3342
71.24
70.4782
51.6305
79.8974
72.1008
50.2402
60.7592
62.2842
48.3678
51.2285
53.8232
62.3882
61.9974
51.0475
51.7326
55.6739
53.2524
72.0216
59.8816
67.7859
67.9511
67.7234
62.7185
63.3582
72.2548
67.3276
63.9254
62.0585
63.9515
67.6482
60.3864
67.5652
62.6302
61.0497
68.9452
68.9355
65.9143
65.3222
73.274
54.7675
70.604
55.4145
48.3555
63.7016
51.7376
67.3275
69.7159
64.0701
61.7225
65.7402
67.3528
54.4913
61.7947
66.5661
64.9012
69.3151
76.0445
63.0849
68.2322
53.9852
70.3181
65.0232
53.0421
57.422
73.1305
53.8824
63.1968
58.4985
49.5928
64.6429
68.6537
70.8843
56.1222
59.4256
70.3316
75.8597
74.0452
57.3999
48.7644
56.0045
67.0585
61.9783
66.4487
57.3811
68.6684
52.5655
72.8079
63.269
51.4551
66.2607
59.9982
55.0981
67.7176
67.8166
61.5596
67.6652
51.8524
64.3281
65.9926
77.1807
67.1088
76.9748
58.3089
62.0456
49.2335
63.4448
50.0828
61.9355
53.9626
63.3708
61.6012
67.4074
80.0776
55.614
54.1585
68.0187
60.6305
71.0892
63.208
53.8124
71.7257
62.0612
70.4474
61.7319
69.4225
60.8828
77.2734
70.6323
60.0059
62.3326
58.5701
67.0061
55.8683
68.8651
66.9733
67.0321
65.5882
58.3209
61.637
67.4506
58.45
56.2189
70.097
57.3225
69.9292
75.9902
68.9299
48.9157
61.4963
76.053
69.0378
57.4247
50.4549
78.0175
53.3521
55.9652
72.1267
68.0576
72.4838
75.366
73.2395
58.7343
62.8066
74.2529
62.7613
51.4317
75.9945
52.6763
60.2678
68.0211
65.7979
57.842
75.1251
58.8294
62.8997
63.5585
54.4106
68.5884
72.3511
50.1377
49.4349
74.7226
74.9138
77.4247
58.9362
53.9479
66.7087
66.1202
59.3575
65.5137
70.8591
59.293
68.4546
70.6197
59.4533
53.6193
54.6387
62.3066
55.3654
58.8617
68.7538
66.5608
61.7557
60.8059
57.0269
72.6709
68.7978
81.5073
68.173
68.7969
64.5446
70.5972
68.0145
55.2072
77.2812
68.1156
75.1551
66.6622
56.019
62.2802
76.2461
62.6594
55.1148
57.5959
58.6487
60.9477
60.6423
64.8005
63.9394
55.4162
53.4249
64.3312
71.6094
59.8332
75.9409
72.7964
68.1386
52.9576
54.6626
60.095
54.3894
67.6332
60.9622
63.3121
69.0196
53.2153
58.6674
70.506
71.6025
67.4558
57.7252
58.1095
58.781
59.3465
69.584
74.5902
50.9146
59.899
53.7569
67.1485
67.1056
60.176
59.3985
59.5378
73.4599
61.9046
59.0837
66.9642
60.4507
74.5099
77.033
59.8138
71.3962
77.1878
66.7135
55.4523
53.564
75.7787
74.4426
65.8638
61.3972
57.9809
72.7344
54.4937
68.1991
74.4977
74.5411
59.981
63.3861
53.6291
51.0815
49.5357
60.7638
62.3617
52.3132
60.1671
72.464
58.1108
75.1679
59.6839
72.7117
71.9152
62.9069
63.2228
75.426
57.5891
51.8622
70.2673
68.4423
68.6879
70.0093
53.4816
59.0473
58.1113
63.1248
57.1105
68.4899
56.0269
70.5041
59.6814
68.7168
76.7953
54.7621
60.9493
48.1641
60.3757
53.1883
55.3924
58.6089
68.7426
49.4572
69.1571
69.6043
71.1324
70.1247
66.5167
71.9138
65.0006
66.9236
72.4568
68.5968
68.6479
66.9914
67.2711
71.1976
71.8499
67.8734
70.38
64.2222
72.4606
70.4208
74.5254
71.0693
67.2938
70.3308
72.1018
69.8978
69.6991
67.608
74.9626
72.4485
67.3613
69.093
72.7103
76.5391
67.0412
72.1606
73.5625
75.3848
69.6083
72.794
66.1073
73.2291
70.5685
67.6457
72.6641
69.7271
69.7015
72.5681
66.9695
64.9722
69.2909
70.9834
68.8524
70.9064
70.2112
70.0206
74.7266
69.9697
74.4361
70.2135
73.4268
76
70.4431
67.9338
69.9095
70.5945
69.8417
64.5332
73.9301
67.6856
69.6635
70.6766
74.1004
69.1115
67.1572
68.7949
72.6326
70.4709
73.581
74.2086
75.3046
67.5593
72.1058
72.4906
72.0296
66.7693
71.785
72.5021
65.8037
73.4111
71.4854
74.1272
69.8149
70.448
75.9441
67.372
70.4172
69.1042
68.5065
70.8417
74.1954
75.0443
69.1897
64.6017
72.5969
71.3594
72.8436
68.6824
69.2721
69.804
70.557
66.9468
69.3211
70.7777
71.2879
67.0134
69.1351
73.8323
68.1397
69.4548
67.3542
67.055
67.5223
70.8739
69.2444
69.6628
70.2811
70.727
69.3619
66.6584
72.1111
68.1174
73.0693
73.2452
67.8246
74.2874
74.1889
68.3775
75.0189
70.2472
75.4653
70.403
64.6645
65.6668
70.2814
75.0717
68.1701
77.012
70.3604
73.3526
75.5585
64.9688
71.4365
64.4835
67.5856
71.742
68.7146
71.7658
67.9459
70.3724
69.485
69.7056
71.9031
67.1904
75.5755
66.6372
66.605
70.0053
73.0171
70.9491
71.7189
74.2889
70.2989
71.8766
71.2328
68.4121
64.8283
64.4468
68.4034
69.7193
68.4049
73.6343
73.226
77.0551
74.4283
68.3358
69.8029
70.8101
70.1124
68.8715
70.7312
74.9846
69.2018
74.9513
73.0664
72.8211
72.1378
70.2556
73.1147
70.1788
72.3161
67.5605
71.6017
65.0639
72.356
72.5799
65.5749
73.5874
69.5998
68.368
66.2322
65.0999
69.1013
68.4687
70.0608
68.5906
68.8788
69.757
69.9581
71.751
67.1128
70.3663
71.1318
66.9423
68.2769
69.1554
71.2526
69.9627
74.3163
69.3855
69.8308
66.2492
71.4099
70.8262
71.2106
69.5697
71.8813
73.9162
68.8952
69.1107
68.0284
73.627
71.8028
71.9586
69.2666
67.8043
68.0793
71.1966
74.1384
69.1765
70.5156
67.9859
66.9918
68.9899
70.0128
68.2438
71.1711
64.8939
70.6965
71.2382
67.7628
69.7009
76.9472
67.4952
65.26
68.6681
67.8335
65.9255
71.0582
65.4842
71.9545
73.8541
71.5984
73.7585
69.9699
68.917
66.6009
66.9289
71.5244
67.7527
64.9699
71.5173
70.3748
72.3734
69.7511
65.4875
70.3879
70.6975
72.6916
74.1375
67.2476
66.4724
69.0355
73.9897
68.42
69.5165
68.4468
69.7717
75.9239
69.2216
71.376
66.1673
74.3212
69.416
74.4679
69.0496
72.3331
68.997
68.3386
72.7106
69.1258
72.82
64.4917
73.8866
69.8956
70.8319
71.7988
71.2948
66.4014
75.4475
67.1961
65.8612
69.0207
72.0162
74.7055
71.3341
67.209
71.5559
70.324
69.527
70.0186
73.1563
67.644
65.573
68.2346
63.7679
69.2332
69.8455
70.3147
72.3283
70.3033
66.6245
67.6173
65.9425
68.5625
73.517
70.6983
70.1356
69.5273
74.4784
69.713
69.7551
70.0644
69.583
69.5379
69.4648
67.1646
69.8496
70.0358
70.8671
70.6684
71.9313
70.2649
68.6757
69.824
70.7281
71.6716
70.4428
68.8468
74.7532
68.5699
75.2343
67.4936
71.0486
69.1359
67.2431
72.2581
74.5356
71.7673
69.6637
70.3329
66.7274
66.4616
70.2738
70.8425
68.2235
70.0642
69.6121
73.5999
63.9954
66.8222
73.8712
73.6728
70.0463
65.613
69.3241
65.8357
72.2165
71.1115
71.6461
74.113
70.2662
73.888
70.47
69.3809
70.9668
69.6635
73.9839
70.8787
73.3221
70.6437
68.291
73.7794
66.8861
69.9527
67.6295
69.9346
73.4395
67.2788
74.0048
68.776
70.9079
69.8887
67.8325
70.1913
70.9256
68.5578
69.7619
65.2915
71.6034
74.1734
68.9734
70.0791
69.1481
68.6139
72.0895
71.7279
73.3283
73.5709
69.8431
70.4753
66.5317
67.8097
68.8975
73.0194
71.3201
74.7856
70.9413
73.2282
69.395
71.2033
69.1869
70.2897
70.1032
64.6353
70.4691
68.7931
69.5703
70.3837
70.1749
67.946
67.7403
77.046
71.4309
67.0694
71.0016
70.6026
73.8227
74.0054
75.1948
69.2145
66.5817
72.483
66.4462
71.0214
71.8397
71.6052
70.0842
75.3364
71.9211
68.8674
69.8537
70.3548
72.2531
70.7545
71.4095
70.5178
71.3149
69.8282
66.3716
66.7118
71.694
72.7563
71.3349
68.0839
70.9599
71.2054
73.4445
71.6346
73.3915
74.4293
65.2164
73.4487
69.745
70.8605
68.8056
68.4685
68.883
68.1848
66.9321
67.986
74.1214
68.2699
69.4367
71.5713
66.5538
72.6793
72.0151
68.6803
71.3136
66.0601
70.6161
71.9551
72.888
69.6466
64.9555
71.0508
69.6359
74.4325
67.9319
76.2028
69.0551
66.317
71.5663
68.9932
70.6154
65.1459
72.2273
71.3421
68.8398
68.4562
72.9213
70.1298
68.8446
65.6828
69.9378
69.465
65.45
73.3797
73.2819
67.3896
71.0166
66.8897
72.0495
76.1026
67.3284
67.4763
70.7122
70.3929
71.9782
71.0416
70.7991
68.4908
66.1216
68.3476
68.0915
74.1152
72.8533
72.1031
69.5545
75.2082
68.8458
70.1462
71.1069
69.1026
68.4111
68.2941
67.9922
71.1051
68.2051
72.2883
69.3816
70.6831
68.4399
73.2423
69.7411
69.6201
65.9646
69.9492
67.0864
70.7336
65.5174
71.2908
70.0952
73.7996
70.6087
67.072
68.2867
70.6313
67.7531
72.2005
73.81
64.6992
67.2049
69.8958
71.8944
74.9069
65.6808
66.4226
67.426
71.8836
69.9782
71.0774
69.6382
72.3647
66.1146
70.8392
69.9713
66.2542
70.9827
71.3253
71.2819
65.7232
70.0849
63.6444
73.057
67.5643
70.2692
67.4186
68.7347
72.9056
68.6005
70.6351
68.0952
68.9735
69.2944
68.7021
68.8972
71.7182
67.1333
70.9139
68.5213
69.3965
65.8807
67.1783
72.3614
69.1489
67.6785
69.7177
66.731
67.8608
72.9185
65.3104
71.031
72.5986
71.3802
68.8843
71.8795
75.0013
71.6512
70.5367
74.7612
75.2282
69.1375
68.3664
69.7057
71.0466
70.4586
74.2228
71.7859
67.5025
65.03
70.597
73.5558
69.636
72.391
67.7256
67.5519
72.0652
72.1657
70.9462
74.7546
68.0405
69.1865
69.6038
72.7102
70.1132
70.954
72.5142
67.1546
68.3776
70.5969
75.2498
74.0506
71.7806
72.1723
69.6122
66.9967
67.2877
72.0176
72.0193
71.0626
71.9812
72.8541
67.7342
72.8901
72.238
71.3033
66.6919
71.0904
69.3308
69.4495
68.222
64.3593
70.3869
73.199
72.2766
70.6095
72.0346
71.0874
69.4139
70.621
69.4814
67.1475
71.3925
75.8052
68.4294
72.388
70.5379
70.7062
65.1788
67.672
67.3313
73.649
62.1504
71.2595
69.2927
69.2677
66.7209
63.5473
68.7754
72.3588
70.7224
70.5056
67.7218
66.9295
66.8699
68.218
70.5456
70.5427
72.1707
69.5401
70.4221
72.609
70.4715
70.1809
72.2776
68.8483
66.7821
70.2348
71.4809
67.7236
74.6767
64.6454
72.5905
71.3594
73.0465
70.4181
75.0854
71.0188
66.8531
70.2523
68.9992
68.7447
67.2691
69.7331
71.0365
67.1583
64.418
71.8013
71.0058
72.2781
69.6504
66.925
67.0803
70.6048
68.025
71.1763
68.0023
73.5574
72.3855
67.5166
67.0057
69.9575
69.2434
68.7975
70.4784
67.1475
71.4049
69.4393
67.7493
71.5269
70.0462
71.9096
70.6578
66.1069
73.3867
71.3074
66.9214
73.6683
74.1047
75.4549
70.9212
74.1436
63.3156
68.851
70.5263
69.2763
72.6378
71.2513
71.5518
71.272
70.6327
69.5735
69.2681
71.0787
71.9931
66.1208
73.1655
69.0437
70.5026
70.1901
74.1785
70.3215
73.7919
70.5672
71.3748
69.7053
70.0946
74.7485
67.2556
65.8665
71.6992
71.401
71.4953
71.3428
70.4175
68.025
73.653
67.191
68.7916
72.4648
72.0404
69.1681
72.2455
74.5007
71.2201
67.1982
67.4137
70.8432
73.3777
67.1969
70.9554
74.6677
71.6738
65.7221
69.2204
71.357
71.7209
68.5684
71.9699
66.0038
71.4684
72.0783
66.4977
66.6294
74.7671
69.1105
72.1089
70.5721
64.4032
70.7571
71.3412
70.0334
73.8571
67.9427
70.6104
67.5677
65.0923
70.0685
69.686
71.3756
71.2645
69.0017
67.5667
67.7382
66.6903
76.3089
73.3208
67.9139
72.1965
64.3427
69.8613
65.5976
73.2253
73.2817
65.0014
73.0125
72.7695
68.3459
71.6238
73.6761
73.1516
71.8604
73.493
69.4602
68.7889
69.945
72.4608
66.8615
68.088
69.0174
73.3146
68.9731
73.846
71.4032
67.8494
72.4318
71.7948
70.4855
72.5948
70.2048
71.6892
72.7676
73.677
70.6053
70.5802
68.7103
71.4908
72.5572
72.0283
72.6867
70.1592
70.2271
70.773
71.5644
66.6161
70.3795
67.8932
69.4348
73.6935
71.231
70.288
67.828
70.9137
68.8815
73.3661
70.2297
70.5865
70.3782
72.0334
71.8505
72.2216
73.0402
65.6263
71.3188
68.7483
67.1622
69.5071
73.0922
73.5257
70.6466
71.9812
68.2004
73.6254
70.8868
69.8251
69.8958
75.3858
70.3787
73.1899
72.1486
74.7701
68.6927
76.5236
71.8414
70.5898
72.1564
67.2051
70.0884
71.1264
74.5494
71.1096
70.109
69.1016
72.5337
69.5858
65.9338
71.0214
71.8734
72.8194
67.4667
66.3768
69.2727
68.1541
69.8554
73.371
68.0769
72.0184
67.2439
72.3195
72.0647
69.8707
69.0987
64.3786
69.0828
71.9697
70.795
73.5238
66.623
69.9282
70.2017
72.4556
76.3596
68.9602
73.0648
72.6595
70.7207
73.8663
69.7205
70.7426
66.1289
67.2794
68.7485
69.2723
69.7934
74.0366
71.8385
67.7911
67.4059
67.8019
68.846
70.8721
71.8211
72.2863
69.9501
69.0442
71.8275
67.26
75.1182
68.398
72.848
68.7354
65.6601
72.4622
68.462
74.4959
72.682
72.6134
66.7719
72.7966
68.8186
70.656
72.7931
66.4486
70.6997
75.4058
65.6229
69.4241
73.4242
72.972
71.2012
70.1356
68.5949
70.1198
76.7966
68.918
65.6058
69.1161
67.3185
72.3151
70.8156
70.344
72.6556
72.2152
72.1752
71.7021
73.4723
68.7376
74.0048
74.3673
67.234
67.6645
69.9313
71.4017
68.8115
67.3767
69.6925
68.4715
75.8993
70.0866
70.4476
66.2727
65.5416
65.0519
73.4175
73.2438
67.0219
71.3356
68.3846
64.8032
72.6747
76.7253
67.1724
74.6944
72.2074
71.4728
76.9432
71.1057
71.8702
71.6048
72.4889
68.4371
72.4111
68.1054
71.1872
69.1022
68.0984
76.3584
67.9198
65.1668
71.7006
69.9152
72.2692
76.0062
71.3086
71.3817
74.6408
67.1764
70.6841
73.9409
66.5114
69.3186
65.9019
68.4048
69.4284
70.5381
66.7952
70.0544
71.5041
69.5529
69.1357
67.2886
69.7934
73.5306
70.4638
68.1443
69.969
70.1986
65.4207
68.2108
67.9472
69.6034
72.2482
73.8812
68.3242
66.3073
71.6246
70.2705
68.5577
66.4934
71.2933
73.4616
69.243
69.1608
68.2554
68.001
67.8252
73.946
70.2613
70.7059
71.3597
65.4969
71.4461
69.2486
73.2968
67.2484
69.1951
65.2387
69.267
72.8672
71.6772
68.6534
73.3859
67.5257
67.511
72.1162
67.351
71.3448
68.6344
72.3508
77.7301
69.599
72.6993
71.1956
68.8663
70.0025
73.0593
71.3234
70.6492
66.5114
67.3002
70.102
70.5602
72.5182
71.2688
73.2582
71.1872
73.7006
68.1909
67.1327
70.5776
68.9101
73.1937
74.511
68.6397
70.98
73.9934
66.8361
75.7119
71.9331
67.1815
75.5285
68.8064
69.5928
76.4227
71.2671
69.899
71.7083
71.683
68.6763
74.4747
76.8481
71.784
73.4917
70.8152
67.9536
69.2172
70.9109
68.0162
72.5345
69.8749
72.9134
67.0944
67.2197
69.8775
67.4969
68.0497
75.6596
71.2747
66.7422
76.6696
70.8953
70.3693
70.3791
67.6383
69.301
68.3313
68.7473
68.7064
69.4816
70.2071
66.8645
71.8589
66.9103
68.5236
71.5182
73.3845
70.2942
70.241
72.4122
66.5788
68.5021
71.0468
69.2831
69.7656
73.2489
71.7496
73.3335
66.5282
72.3551
70.6814
68.798
72.0573
73.8037
71.3783
73.847
72.121
72.5229
73.2132
71.0807
72.0046
72.034
71.1029
70.2817
67.2101
73.8849
72.8391
66.0179
73.9629
66.3398
70.2751
73.5445
66.3785
67.7649
76.7782
70.023
68.2767
71.6682
69.9313
68.5521
66.6118
72.298
71.1466
74.7573
65.5627
72.3102
72.2633
72.1864
69.1338
73.4179
66.3574
69.6748
63.9259
69.9699
70.7561
75.0452
70.5888
68.1779
70.6994
71.1864
72.3599
71.9624
70.8869
71.773
68.7889
67.2162
71.3053
73.2595
66.9335
73.8945
72.5039
67.1662
69.4834
70.9469
70.3904
72.8427
63.1598
70.198
67.9713
76.6133
70.4861
65.6715
75.1014
64.9105
73.1688
71.9305
72.324
76.5461
65.708
71.9982
71.7058
75.9712
62.4083
76.4074
73.2128
73.2228
65.5039
71.2448
73.376
69.6834
71.0462
69.8911
66.5786
70.818
65.9662
67.473
66.259
66.3837
73.0684
66.7823
72.8829
71.8058
73.6254
67.8263
70.5124
70.8991
68.404
73.4407
71.6669
68.3203
64.2781
69.8124
68.0273
71.7596
70.0145
71.0013
66.1183
68.1108
70.9786
62.8235
71.0961
72.9839
72.549
68.1951
65.2098
71.1455
73.4774
67.7703
68.959
67.866
67.8687
70.4337
70.9175
66.24
77.4167
73.679
74.6369
71.615
63.4772
72.7378
74.4762
67.7182
69.4828
68.7777
75.1754
68.7512
65.6683
70.8613
73.1126
70.8891
72.5379
70.2465
70.7952
70.0961
65.4021
72.2865
65.5557
70.9683
69.1502
64.5658
68.1625
70.7951
64.0609
68.636
72.9193
68.2013
69.7597
73.2848
68.111
74.2865
72.5966
67.3999
69.1534
74.8353
68.1724
68.2472
69.907
69.5664
70.4687
75.1744
73.0223
63.6626
70.732
73.0822
69.1719
68.6011
72.6222
73.4694
73.3056
63.0572
72.7234
67.1188
69.9771
69.371
71.5165
69.9198
69.0448
74.181
69.4374
66.8124
70.7877
74.8493
70.6849
71.1268
75.0322
66.8975
71.7385
72.9896
68.7844
70.3573
68.1058
69.4044
71.5991
72.0561
64.9238
71.0574
74.3839
73.063
69.6324
72.4524
68.8822
73.7438
69.5507
65.9033
69.9088
70.0097
67.0537
66.3444
72.4688
67.7604
70.303
71.853
71.4439
73.6015
71.8267
69.8796
67.0755
69.4655
66.5026
69.3734
73.5482
69.6113
65.9717
72.5488
67.3825
68.0293
69.5583
70.2386
65.2715
73.6322
66.2099
69.5194
68.5222
73.8832
72.8559
71.6357
68.7838
72.4796
70.257
68.0981
70.2864
70.3831
71.3046
77.0838
71.4544
66.5631
71.6828
71.9766
74.3337
68.6586
67.538
70.4616
68.8607
65.2148
70.4788
66.3459
70.6359
70.4781
67.5329
64.1242
73.2989
70.7269
67.3348
66.69
71.5727
64.5967
64.2613
73.8644
68.575
68.9041
69.163
72.9455
71.6896
65.6822
74.366
68.6465
69.9329
65.7953
71.8947
69.2199
75.7824
74.1721
71.7628
67.3921
72.2406
70.1758
67.4487
67.0986
66.2148
72.6688
66.3087
72.3572
69.5927
75.0757
67.3898
70.0838
69.391
73.606
67.5455
69.1991
70.5654
72.0515
66.5572
68.5871
73.6642
67.8728
67.9567
73.4531
72.709
71.1133
71.7809
72.6268
67.4549
65.6201
68.9906
69.3815
71.3908
68.4388
73.8949
68.5601
66.0869
70.9481
73.2514
71.2496
70.9663
73.3782
67.4373
70.0812
66.4445
74.7682
73.907
68.2934
68.7815
73.8237
72.5357
72.3966
67.9937
67.966
67.2264
71.479
69.0445
66.3036
69.5718
68.3132
73.327
70.1097
71.0428
70.2552
71.2118
69.5625
67.8988
70.4995
72.553
68.9171
72.346
74.319
69.5512
65.0179
71.2187
71.4714
66.6536
73.3241
71.112
67.3342
73.0645
68.4759
71.8239
68.1384
74.242
73.007
69.5165
69.7972
75.5609
71.0438
65.7241
70.8052
69.2078
70.9882
67.3581
67.1773
70.1961
68.238
67.0288
75.8702
69.5176
67.3733
69.9724
75.2912
71.2093
66.6504
75.2811
70.3847
72.562
71.108
70.0511
65.2289
71.544
68.9175
67.2607
66.3356
69.4132
67.4704
66.9484
66.2706
68.0098
73.0208
69.9395
70.4268
70.6941
71.9876
71.3185
66.9084
71.9361
73.4987
72.7123
67.8791
67.9811
69.1444
68.0713
65.2056
69.8216
68.9314
72.3929
71.6588
74.4117
71.577
71.3968
64.4865
71.0895
76.4703
67.2732
66.9178
68.1999
73.8391
67.1094
69.0852
70.263
70.1169
74.9975
69.5235
72.5171
68.6295
71.4114
71.1793
68.7716
69.4013
71.1983
73.6486
69.3308
69.0107
74.5598
74.4163
73.1759
68.8599
64.5344
77.2912
70.0293
67.2159
66.6991
66.79
68.8741
69.0099
70.6453
71.0089
69.284
76.9817
70.0647
69.0035
63.7948
69.1122
65.1488
67.2998
69.8125
65.5066
67.5646
73.1973
71.6387
70.466
74.9933
71.0352
72.5272
66.7023
70.501
65.8594
69.1721
71.4247
68.446
69.0747
69.893
68.6731
69.9933
65.9297
66.6977
71.7538
71.8058
68.1418
70.1063
69.9469
71.6395
67.827
67.6463
68.9442
67.3821
70.2108
69.7322
65.452
70.4331
67.9311
73.9124
71.7042
67.3087
75.5034
71.8488
67.3361
67.4876
66.3418
70.01
72.6047
70.5819
66.4258
67.7941
68.7087
68.9612
72.0304
68.2422
71.1648
66.801
69.5495
71.7039
71.1517
67.4629
68.0146
72.3043
69.7878
71.6214
67.748
69.6103
70.9695
74.1167
67.7274
64.505
71.2576
65.9572
68.8884
64.6584
70.7002
72.0133
78.6149
71.7847
76.3577
70.5236
71.2675
72.1307
68.7086
68.9143
68.2944
65.5043
69.2701
67.9214
66.7071
69.6802
71.1494
69.6257
69.0319
65.9022
66.0539
69.6594
68.118
67.8464
75.0532
71.0847
69.9512
69.487
73.3828
73.7583
66.1859
65.618
73.6465
70.7761
73.9337
75.612
72.2198
73.3347
63.949
71.878
71.1585
71.4689
68.9906
68.4056
66.6345
68.7173
72.8456
67.8905
72.6083
69.8083
67.9592
68.9439
70.2759
70.5951
71.0208
69.0837
67.2515
72.8466
74.4222
71.9871
68.7403
68.5018
74.7936
71.6616
70.7794
69.0483
75.2767
72.2147
71.9129
72.4015
70.7681
71.8071
73.6863
69.2504
69.5254
72.4007
71.7358
66.3841
66.6732
68.8553
74.6381
67.8295
66.1689
69.7412
73.6199
70.3958
74.2942
69.4524
66.142
69.0198
71.1592
70.2538
70.4944
69.5942
69.0254
69.4792
74.5224
70.4171
71.3018
64.6474
71.0775
72.4692
67.5812
71.2642
73.9446
69.6876
70.114
70.519
76.2714
69.5525
72.179
69.8876
69.9828
71.2606
71.4935
70.8855
71.4453
68.5852
69.7941
70.3804
67.6921
69.4447
70.4483
72.4031
72.4906
65.9495
73.193
66.7422
74.2796
68.3768
68.7288
67.6012
76.2515
70.6645
72.5799
66.842
71.1489
70.3729
73.163
65.2864
67.6672
73.0018
71.5678
70.9809
73.6846
67.0139
68.8623
64.7489
70.2553
69.057
72.3244
74.1117
70.1621
66.3835
73.6179
64.9224
69.176
64.9021
68.8509
68.9939
66.0203
64.5183
68.9797
73.8247
69.5143
68.1383
76.0258
68.922
69.4768
73.721
72.5459
69.2493
68.929
77.6119
67.978
73.4116
74.729
69.3909
72.7523
69.5673
68.3741
68.2606
