81.192
84.213
82.153
84.006
80.778
80.395
85.263
86.072
84.334
83.539
86.588
85.817
84.698
87.118
82.766
85.361
79.161
82.103
86.411
83.058
85.264
87.317
83.539
83.977
85.387
83.478
80.524
85.56
83.029
85.224
84.054
85.567
88.792
83.149
82.131
86.067
82.875
83.116
79.737
84.806
87.547
87.732
88.206
83.473
81.65
84.957
84.791
85.283
85.018
83.504
86.358
85.167
86.084
83.164
85.848
83.622
82.046
80.967
84.486
86.659
84.581
84.441
82.712
83.799
85.039
87.309
84.656
86.045
86.661
82.43
84.567
80.479
85.246
85.024
83.022
82.451
85.172
87.94
83.401
87.34
85.262
85.18
84.765
85.915
85.705
82.71
82.832
84.852
83.221
88.502
86.109
83.444
84.416
85.375
86.132
88.338
83.711
84.326
87.18
79.82
84.32
78.545
85.431
84.196
82.874
80.673
85.548
82.869
84.711
80.818
82.693
82.3
85.044
82.164
82.03
84.762
85.469
84.557
84.92
77.999
83.021
85.501
86.393
84.986
81.345
80.46
86.372
84.452
83.124
85.432
82.993
82.364
80.804
84.606
85.758
86.025
84.674
84.244
78.473
82.033
82.204
86.055
80.948
80.42
82.375
83.666
85.693
85.124
80.208
82.91
82.317
84.398
85.384
83.389
81.164
81.386
79.943
83.256
84.721
79.369
86.444
84.528
86.338
82.623
81.848
84.123
81.898
84.645
85.386
86.108
86.346
84.456
84.703
82.771
81.545
86.007
83.016
84.269
86.601
86.129
87.301
82.725
82.819
81.741
85.483
81.227
85.454
85.44
88.158
83.617
82.32
84.351
84.394
84.951
83.302
86.838
86.233
85.508
85.197
84.348
79.738
82.03
85.068
85.419
86.57
84.603
84.264
81.95
87.531
86.569
85.571
84.318
84.682
82.369
81.448
80.763
84.181
84.528
84.356
77.991
81.61
85.858
84.737
84.067
82.396
82.982
82.804
82.932
85.611
80.981
83.86
88.832
83.935
84.699
84.939
83.96
77.73
80.083
88.438
83.803
83.77
80.039
85.863
84.782
83.734
85.908
84.773
82.553
85.86
82.709
80.219
83.295
87.528
88.352
85.326
86.227
83.046
81.416
79.887
83.907
87.226
82.129
82.269
84.055
84.437
81.648
84.486
87.175
84.906
82.819
85.091
82.995
85.843
83.596
83.194
85.827
84.04
79.093
83.071
82.919
85.56
85.181
81.713
81.503
84.045
82.271
80.663
81.728
81.082
81.361
82.459
83.576
82.709
84.849
85.275
83.196
85.491
79.115
82.931
83.679
84.332
83.951
79.779
80.759
84.499
85.986
83.963
84.628
83.344
83.592
84.096
81.799
82.333
85.409
83.625
86.488
83.945
82.371
82.646
85.195
83.835
83.183
82.433
86.664
86.932
88.244
84.21
82.186
83.635
87.686
82.917
81.729
81.519
84.46
84.758
82.16
82.298
83.219
81.427
81.613
86.986
81.665
82.951
