84.6196
82.3328
80.3836
83.6157
83.1838
83.8732
86.1971
88.1157
81.9322
86.4666
89.2095
82.1599
82.9587
84.1106
83.8772
86.3263
82.6746
79.8156
85.9325
86.4278
85.7192
88.5113
86.3191
84.5241
85.3272
85.1703
84.4373
85.0415
85.1735
82.3109
82.7457
88.5758
85.99
80.8506
85.6318
88.1016
80.76
80.6291
83.203
87.0216
88.5296
85.7541
87.0911
81.0936
78.9823
86.5961
85.7015
85.4139
88.447
84.9308
87.5792
84.7159
88.6757
85.5129
83.5379
81.5833
85.0273
85.1802
86.1358
86.9486
85.5824
83.8749
80.3316
84.853
85.131
89.422
83.9624
87.915
86.357
84.896
83.6298
84.2814
85.172
83.8075
86.2314
81.0083
87.0594
87.2693
86.4627
85.3171
84.6923
85.7075
85.8907
86.3259
89.0212
84.5466
82.7977
82.5016
85.9865
86.3837
82.728
82.1224
87.2751
87.0945
86.4222
86.3212
84.6786
86.3963
83.8838
83.5318
87.3693
82.2879
83.0491
85.989
80.5089
84.6527
87.1873
85.8514
87.3784
83.8
84.4283
81.6104
85.372
84.2737
82.073
84.0209
82.4601
87.5249
87.1226
82.0835
85.0838
85.6845
88.4541
83.6858
84.2408
78.3037
83.1286
84.0302
86.5562
87.1599
84.9263
81.4758
84.0089
85.2712
85.2834
84.5945
86.6623
85.1565
82.1473
85.408
85.583
86.6161
83.3623
83.1019
83.2323
82.4883
83.2195
83.2602
83.33
85.9896
84.4261
83.8102
85.9876
85.9429
84.0969
84.3902
83.4859
86.8253
83.3024
82.814
83.3978
87.8886
85.5814
84.4989
84.4307
86.5406
84.9847
83.4748
84.946
83.9855
84.0032
83.5367
85.9419
86.6729
84.2539
88.176
82.3039
80.9506
85.794
87.2441
86.7882
85.4704
86.161
85.1437
87.4392
83.2557
86.7322
82.0844
84.9125
81.7173
84.4953
82.7025
86.865
86.256
82.7338
87.385
88.4448
83.4813
84.0359
84.4133
83.3473
85.0885
83.7205
85.869
83.0226
81.7457
86.8395
84.0422
84.4555
88.8271
86.3935
82.5916
85.074
85.2388
84.9719
84.6693
81.1517
82.2898
86.919
81.7732
84.5084
88.091
86.7279
83.4891
81.881
82.7688
82.441
80.6101
86.9295
84.1016
86.1931
89.08
86.9406
84.2309
84.1445
83.1837
81.66
83.6083
86.8269
82.0379
81.764
83.0362
83.813
81.6998
86.2847
85.0871
81.7651
80.0542
86.3271
80.3583
83.2949
85.6306
88.5319
84.4236
82.791
87.4855
84.3043
84.026
82.9482
85.582
89.4159
79.9555
85.0571
84.3294
88.0685
85.1184
84.4651
85.7297
82.8407
84.8112
85.5515
85.1245
88.5609
86.5162
82.1818
87.9225
84.6834
82.7026
83.7517
86.1523
84.7781
84.6232
83.2136
84.5413
87.3259
85.7747
84.2442
84.1923
78.9326
84.9069
85.6466
85.8735
85.9702
83.0523
87.1664
83.1006
85.0615
83.0063
85.8152
85.338
87.2678
85.8557
83.7719
84.3657
81.6953
83.736
86.4023
83.8413
85.9304
81.5271
84.8262
83.8877
80.7491
82.6907
81.2149
87.038
87.5973
85.5033
80.6265
83.9177
86.8554
80.1673
79.9926
84.7887
88.69
84.9668
81.2679
85.0265
84.144
86.8346
80.611
83.8349
79.8635
81.8389
83.1236
85.1995
84.1229
86.7802
83.5176
84.4169
84.8317
79.2495
86.6906
