 0.0000   641.6629
 0.1000   641.0361
 0.2000   639.4843
 0.3000   636.4936
 0.4000   632.3807
 0.5000   627.3971
 0.6000   621.3128
 0.7000   614.1099
 0.8000   606.0238
 0.9000   597.0133
 1.0000   587.1660
 1.1000   576.6764
 1.2000   565.2741
 1.3000   553.3285
 1.4000   541.0849
 1.5000   528.2004
 1.6000   514.7003
 1.7000   501.2050
 1.8000   487.7151
 1.9000   473.9758
 2.0000   460.1292
 2.1000   446.3117
 2.2000   432.6640
 2.3000   419.2178
 2.4000   405.9764
 2.5000   393.3356
 2.6000   380.9592
 2.7000   368.9552
 2.8000   357.5827
 2.9000   346.6638
 3.0000   336.3114
 3.1000   326.5790
 3.2000   317.4618
 3.3000   308.9897
 3.4000   301.1368
 3.5000   293.9213
 3.6000   287.3322
 3.7000   281.3545
 3.8000   275.9587
 3.9000   271.1216
 4.0000   266.8488
 4.1000   263.0793
 4.2000   259.7888
 4.3000   256.9423
 4.4000   254.4782
 4.5000   252.3417
 4.6000   250.5073
 4.7000   248.9458
 4.8000   247.5643
 4.9000   246.3371
 5.0000   245.2358
 5.1000   244.2085
 5.2000   243.1755
 5.3000   242.1196
 5.4000   241.0209
 5.5000   239.8178
 5.6000   238.5008
 5.7000   237.0040
 5.8000   235.2915
 5.9000   233.3941
 6.0000   231.2717
 6.1000   228.8702
 6.2000   226.2261
 6.3000   223.3056
 6.4000   220.0798
 6.5000   216.6048
 6.6000   212.8390
 6.7000   208.7869
 6.8000   204.4834
 6.9000   199.9238
 7.0000   195.1160
 7.1000   190.1047
 7.2000   184.8818
 7.3000   179.4554
 7.4000   173.8588
 7.5000   168.1205
 7.6000   162.2691
 7.7000   156.3317
 7.8000   150.3064
 7.9000   144.2559
 8.0000   138.1775
 8.1000   132.0979
 8.2000   126.0226
 8.3000   120.0121
 8.4000   114.0869
 8.5000   108.2372
 8.6000   102.4986
 8.7000   96.8884
 8.8000   91.4205
 8.9000   86.1387
 9.0000   81.0125
 9.1000   76.0746
 9.2000   71.3233
 9.3000   66.7892
 9.4000   62.4695
 9.5000   58.3947
 9.6000   54.5093
 9.7000   50.8543
 9.8000   47.4257
 9.9000   44.2077
10.0000   41.2197
10.1000   38.4506
10.2000   35.8797
10.3000   33.5457
10.4000   31.4012
10.5000   29.4472
10.6000   27.6825
10.7000   26.0947
10.8000   24.6784
10.9000   23.4183
11.0000   22.3093
11.1000   21.3371
11.2000   20.4978
11.3000   19.7776
11.4000   19.1645
11.5000   18.6524
11.6000   18.2316
11.7000   17.8906
11.8000   17.6227
11.9000   17.4159
12.0000   17.2608
12.1000   17.1549
12.2000   17.0886
12.3000   17.0509
12.4000   17.0396
12.5000   17.0459
12.6000   17.0671
12.7000   17.0952
12.8000   17.1266
12.9000   17.1565
13.0000   17.1810
13.1000   17.1976
13.2000   17.2035
13.3000   17.1970
13.4000   17.1768
13.5000   17.1373
13.6000   17.0775
13.7000   17.0029
13.8000   16.9070
13.9000   16.7902
14.0000   16.6528
14.1000   16.4946
14.2000   16.3184
14.3000   16.1224
14.4000   15.9076
14.5000   15.6754
14.6000   15.4257
14.7000   15.1610
14.8000   14.8834
14.9000   14.5899
15.0000   14.2878
15.1000   13.9714
15.2000   13.6474
15.3000   13.3179
15.4000   12.9796
15.5000   12.6360
15.6000   12.2867
15.7000   11.9370
15.8000   11.5856
15.9000   11.2334
16.0000   10.8818
16.1000   10.5320
16.2000   10.1858
16.3000   9.8429
16.4000   9.5033
16.5000   9.1681
16.6000   8.8419
16.7000   8.5189
16.8000   8.2055
16.9000   7.9011
17.0000   7.6027
17.1000   7.3133
17.2000   7.0305
17.3000   6.7579
17.4000   6.4959
17.5000   6.2426
17.6000   5.9982
17.7000   5.7628
17.8000   5.5364
17.9000   5.3189
18.0000   5.1103
18.1000   4.9107
18.2000   4.7201
18.3000   4.5414
18.4000   4.3683
18.5000   4.2012
18.6000   4.0452
18.7000   3.8966
18.8000   3.7535
18.9000   3.6181
19.0000   3.4902
19.1000   3.3690
19.2000   3.2550
19.3000   3.1458
19.4000   3.0423
19.5000   2.9443
19.6000   2.8514
19.7000   2.7635
19.8000   2.6803
19.9000   2.6015
20.0000   2.5269
20.1000   2.4564
20.2000   2.3893
20.3000   2.3257
20.4000   2.2656
20.5000   2.2088
20.6000   2.1548
20.7000   2.1040
20.8000   2.0556
20.9000   2.0099
21.0000   1.9664
21.1000   1.9252
21.2000   1.8863
21.3000   1.8495
21.4000   1.8146
21.5000   1.7818
21.6000   1.7506
21.7000   1.7211
21.8000   1.6934
21.9000   1.6670
22.0000   1.6422
22.1000   1.6190
22.2000   1.5969
22.3000   1.5762
22.4000   1.5567
22.5000   1.5383
22.6000   1.5210
22.7000   1.5049
22.8000   1.4896
22.9000   1.4751
23.0000   1.4616
23.1000   1.4487
23.2000   1.4364
23.3000   1.4250
23.4000   1.4140
23.5000   1.4037
23.6000   1.3938
23.7000   1.3842
23.8000   1.3749
23.9000   1.3662
24.0000   1.3574
24.1000   1.3489
24.2000   1.3405
24.3000   1.3320
24.4000   1.3236
24.5000   1.3150
24.6000   1.3062
24.7000   1.2975
24.8000   1.2887
24.9000   1.2795
25.0000   1.2699
25.1000   1.2603
25.2000   1.2501
25.3000   1.2396
25.4000   1.2289
25.5000   1.2177
25.6000   1.2060
25.7000   1.1939
25.8000   1.1814
25.9000   1.1685
26.0000   1.1552
26.1000   1.1411
26.2000   1.1269
26.3000   1.1124
26.4000   1.0971
26.5000   1.0815
26.6000   1.0657
26.7000   1.0491
26.8000   1.0326
26.9000   1.0156
27.0000   0.9982
27.1000   0.9805
27.2000   0.9625
27.3000   0.9446
27.4000   0.9263
27.5000   0.9078
27.6000   0.8891
27.7000   0.8705
27.8000   0.8516
27.9000   0.8327
28.0000   0.8136
28.1000   0.7948
28.2000   0.7761
28.3000   0.7574
28.4000   0.7388
28.5000   0.7203
28.6000   0.7020
28.7000   0.6838
28.8000   0.6659
28.9000   0.6484
29.0000   0.6311
29.1000   0.6138
29.2000   0.5971
29.3000   0.5807
29.4000   0.5646
29.5000   0.5490
29.6000   0.5338
29.7000   0.5189
29.8000   0.5043
29.9000   0.4903
30.0000   0.4765
30.1000   0.4634
30.2000   0.4507
30.3000   0.4384
30.4000   0.4266
30.5000   0.4150
30.6000   0.4040
30.7000   0.3935
30.8000   0.3835
30.9000   0.3739
31.0000   0.3647
31.1000   0.3560
31.2000   0.3475
31.3000   0.3397
31.4000   0.3323
31.5000   0.3251
31.6000   0.3182
31.7000   0.3119
31.8000   0.3061
31.9000   0.3003
32.0000   0.2949
32.1000   0.2900
32.2000   0.2853
32.3000   0.2810
32.4000   0.2769
32.5000   0.2731
32.6000   0.2695
32.7000   0.2662
32.8000   0.2631
32.9000   0.2602
33.0000   0.2575
33.1000   0.2550
33.2000   0.2527
33.3000   0.2505
33.4000   0.2485
33.5000   0.2466
33.6000   0.2449
33.7000   0.2432
33.8000   0.2417
33.9000   0.2402
34.0000   0.2388
34.1000   0.2374
34.2000   0.2361
34.3000   0.2349
34.4000   0.2337
34.5000   0.2325
34.6000   0.2313
34.7000   0.2302
34.8000   0.2290
34.9000   0.2278
35.0000   0.2266
35.1000   0.2254
35.2000   0.2241
35.3000   0.2229
35.4000   0.2216
35.5000   0.2202
35.6000   0.2188
35.7000   0.2174
35.8000   0.2159
35.9000   0.2143
36.0000   0.2128
36.1000   0.2111
36.2000   0.2094
36.3000   0.2076
36.4000   0.2058
36.5000   0.2039
36.6000   0.2020
36.7000   0.1999
36.8000   0.1979
36.9000   0.1958
37.0000   0.1936
37.1000   0.1913
37.2000   0.1891
37.3000   0.1867
37.4000   0.1843
37.5000   0.1819
37.6000   0.1794
37.7000   0.1769
37.8000   0.1744
37.9000   0.1718
38.0000   0.1692
38.1000   0.1666
38.2000   0.1639
38.3000   0.1612
38.4000   0.1585
38.5000   0.1558
38.6000   0.1530
38.7000   0.1503
38.8000   0.1476
38.9000   0.1448
39.0000   0.1421
39.1000   0.1394
39.2000   0.1366
39.3000   0.1339
39.4000   0.1312
39.5000   0.1285
39.6000   0.1259
39.7000   0.1233
39.8000   0.1207
39.9000   0.1181
40.0000   0.1155
40.1000   0.1130
40.2000   0.1106
40.3000   0.1081
40.4000   0.1057
40.5000   0.1034
40.6000   0.1011
40.7000   0.0988
40.8000   0.0966
40.9000   0.0945
41.0000   0.0924
41.1000   0.0903
41.2000   0.0883
41.3000   0.0864
41.4000   0.0845
41.5000   0.0827
41.6000   0.0809
41.7000   0.0791
41.8000   0.0775
41.9000   0.0759
42.0000   0.0743
42.1000   0.0728
42.2000   0.0713
42.3000   0.0699
42.4000   0.0686
42.5000   0.0673
42.6000   0.0660
42.7000   0.0649
42.8000   0.0637
42.9000   0.0626
43.0000   0.0616
43.1000   0.0605
43.2000   0.0596
43.3000   0.0587
43.4000   0.0578
43.5000   0.0570
43.6000   0.0562
43.7000   0.0554
43.8000   0.0547
43.9000   0.0540
44.0000   0.0533
44.1000   0.0527
44.2000   0.0521
44.3000   0.0515
44.4000   0.0510
44.5000   0.0505
44.6000   0.0500
44.7000   0.0496
44.8000   0.0491
44.9000   0.0487
45.0000   0.0483
45.1000   0.0479
45.2000   0.0475
45.3000   0.0471
45.4000   0.0468
45.5000   0.0464
45.6000   0.0461
45.7000   0.0458
45.8000   0.0455
45.9000   0.0452
46.0000   0.0449
46.1000   0.0446
46.2000   0.0443
46.3000   0.0440
46.4000   0.0437
46.5000   0.0434
46.6000   0.0431
46.7000   0.0428
46.8000   0.0425
46.9000   0.0422
47.0000   0.0419
47.1000   0.0416
47.2000   0.0413
47.3000   0.0409
47.4000   0.0406
47.5000   0.0403
47.6000   0.0400
47.7000   0.0396
47.8000   0.0393
47.9000   0.0390
48.0000   0.0386
48.1000   0.0382
48.2000   0.0379
48.3000   0.0375
48.4000   0.0371
48.5000   0.0367
48.6000   0.0363
48.7000   0.0359
48.8000   0.0355
48.9000   0.0351
49.0000   0.0347
49.1000   0.0343
49.2000   0.0339
49.3000   0.0334
49.4000   0.0330
49.5000   0.0326
49.6000   0.0321
49.7000   0.0317
49.8000   0.0312
49.9000   0.0308
50.0000   0.0303
50.1000   0.0299
50.2000   0.0294
50.3000   0.0290
50.4000   0.0285
50.5000   0.0280
50.6000   0.0276
50.7000   0.0271
50.8000   0.0267
50.9000   0.0262
51.0000   0.0258
51.1000   0.0253
51.2000   0.0249
51.3000   0.0244
51.4000   0.0240
51.5000   0.0235
51.6000   0.0231
51.7000   0.0226
51.8000   0.0222
51.9000   0.0218
52.0000   0.0214
52.1000   0.0210
52.2000   0.0205
52.3000   0.0201
52.4000   0.0197
52.5000   0.0193
52.6000   0.0190
52.7000   0.0186
52.8000   0.0182
52.9000   0.0178
53.0000   0.0175
53.1000   0.0171
53.2000   0.0168
53.3000   0.0164
53.4000   0.0161
53.5000   0.0158
53.6000   0.0154
53.7000   0.0151
53.8000   0.0148
53.9000   0.0145
54.0000   0.0142
54.1000   0.0140
54.2000   0.0137
54.3000   0.0134
54.4000   0.0132
54.5000   0.0129
54.6000   0.0127
54.7000   0.0125
54.8000   0.0122
54.9000   0.0120
55.0000   0.0118
55.1000   0.0116
55.2000   0.0114
55.3000   0.0112
55.4000   0.0110
55.5000   0.0108
55.6000   0.0107
55.7000   0.0105
55.8000   0.0103
55.9000   0.0102
56.0000   0.0100
56.1000   0.0099
56.2000   0.0098
56.3000   0.0096
56.4000   0.0095
56.5000   0.0094
56.6000   0.0093
56.7000   0.0092
56.8000   0.0090
56.9000   0.0089
57.0000   0.0088
57.1000   0.0087
57.2000   0.0087
57.3000   0.0086
57.4000   0.0085
57.5000   0.0084
57.6000   0.0083
57.7000   0.0083
57.8000   0.0082
57.9000   0.0081
58.0000   0.0080
58.1000   0.0080
58.2000   0.0079
58.3000   0.0078
58.4000   0.0078
58.5000   0.0077
58.6000   0.0077
58.7000   0.0076
58.8000   0.0076
58.9000   0.0075
59.0000   0.0075
59.1000   0.0074
59.2000   0.0074
59.3000   0.0073
59.4000   0.0073
59.5000   0.0072
59.6000   0.0072
59.7000   0.0071
59.8000   0.0071
59.9000   0.0070
60.0000   0.0070
60.1000   0.0069
60.2000   0.0069
60.3000   0.0068
60.4000   0.0068
60.5000   0.0067
60.6000   0.0067
60.7000   0.0066
60.8000   0.0066
60.9000   0.0065
61.0000   0.0065
61.1000   0.0064
61.2000   0.0063
61.3000   0.0063
61.4000   0.0062
61.5000   0.0062
61.6000   0.0061
61.7000   0.0061
61.8000   0.0060
61.9000   0.0060
62.0000   0.0059
62.1000   0.0058
62.2000   0.0058
62.3000   0.0057
62.4000   0.0057
62.5000   0.0056
62.6000   0.0055
62.7000   0.0055
62.8000   0.0054
62.9000   0.0053
63.0000   0.0053
63.1000   0.0052
63.2000   0.0052
63.3000   0.0051
63.4000   0.0050
63.5000   0.0050
63.6000   0.0049
63.7000   0.0048
63.8000   0.0048
63.9000   0.0047
64.0000   0.0046
64.1000   0.0046
64.2000   0.0045
64.3000   0.0044
64.4000   0.0044
64.5000   0.0043
64.6000   0.0042
64.7000   0.0042
64.8000   0.0041
64.9000   0.0040
65.0000   0.0040
65.1000   0.0039
65.2000   0.0039
65.3000   0.0038
65.4000   0.0037
65.5000   0.0037
65.6000   0.0036
65.7000   0.0035
65.8000   0.0035
65.9000   0.0034
66.0000   0.0034
66.1000   0.0033
66.2000   0.0032
66.3000   0.0032
66.4000   0.0031
66.5000   0.0031
66.6000   0.0030
66.7000   0.0030
66.8000   0.0029
66.9000   0.0029
67.0000   0.0028
67.1000   0.0028
67.2000   0.0027
67.3000   0.0027
67.4000   0.0026
67.5000   0.0026
67.6000   0.0025
67.7000   0.0025
67.8000   0.0024
67.9000   0.0024
68.0000   0.0023
68.1000   0.0023
68.2000   0.0023
68.3000   0.0022
68.4000   0.0022
68.5000   0.0021
68.6000   0.0021
68.7000   0.0021
68.8000   0.0020
68.9000   0.0020
69.0000   0.0020
69.1000   0.0019
69.2000   0.0019
69.3000   0.0019
69.4000   0.0018
69.5000   0.0018
69.6000   0.0018
69.7000   0.0018
69.8000   0.0017
69.9000   0.0017
70.0000   0.0017
70.1000   0.0017
70.2000   0.0016
70.3000   0.0016
70.4000   0.0016
70.5000   0.0016
70.6000   0.0015
70.7000   0.0015
70.8000   0.0015
70.9000   0.0015
71.0000   0.0015
71.1000   0.0015
71.2000   0.0014
71.3000   0.0014
71.4000   0.0014
71.5000   0.0014
71.6000   0.0014
71.7000   0.0014
71.8000   0.0013
71.9000   0.0013
72.0000   0.0013
72.1000   0.0013
72.2000   0.0013
72.3000   0.0013
72.4000   0.0013
72.5000   0.0013
72.6000   0.0013
72.7000   0.0012
72.8000   0.0012
72.9000   0.0012
73.0000   0.0012
73.1000   0.0012
73.2000   0.0012
73.3000   0.0012
73.4000   0.0012
73.5000   0.0012
73.6000   0.0012
73.7000   0.0012
73.8000   0.0011
73.9000   0.0011
74.0000   0.0011
74.1000   0.0011
74.2000   0.0011
74.3000   0.0011
74.4000   0.0011
74.5000   0.0011
74.6000   0.0011
74.7000   0.0011
74.8000   0.0011
74.9000   0.0011
75.0000   0.0011
75.1000   0.0011
75.2000   0.0011
75.3000   0.0010
75.4000   0.0010
75.5000   0.0010
75.6000   0.0010
75.7000   0.0010
75.8000   0.0010
75.9000   0.0010
76.0000   0.0010
76.1000   0.0010
76.2000   0.0010
76.3000   0.0010
76.4000   0.0010
76.5000   0.0010
76.6000   0.0010
76.7000   0.0010
76.8000   0.0010
76.9000   0.0010
77.0000   0.0009
77.1000   0.0009
77.2000   0.0009
77.3000   0.0009
77.4000   0.0009
77.5000   0.0009
77.6000   0.0009
77.7000   0.0009
77.8000   0.0009
77.9000   0.0009
78.0000   0.0009
78.1000   0.0009
78.2000   0.0009
78.3000   0.0009
78.4000   0.0009
78.5000   0.0009
78.6000   0.0008
78.7000   0.0008
78.8000   0.0008
78.9000   0.0008
79.0000   0.0008
79.1000   0.0008
79.2000   0.0008
79.3000   0.0008
79.4000   0.0008
79.5000   0.0008
79.6000   0.0008
79.7000   0.0008
79.8000   0.0008
79.9000   0.0008
80.0000   0.0008
80.1000   0.0007
80.2000   0.0007
80.3000   0.0007
80.4000   0.0007
80.5000   0.0007
80.6000   0.0007
80.7000   0.0007
80.8000   0.0007
80.9000   0.0007
81.0000   0.0007
81.1000   0.0007
81.2000   0.0007
81.3000   0.0007
81.4000   0.0007
81.5000   0.0007
81.6000   0.0006
81.7000   0.0006
81.8000   0.0006
81.9000   0.0006
82.0000   0.0006
82.1000   0.0006
82.2000   0.0006
82.3000   0.0006
82.4000   0.0006
82.5000   0.0006
82.6000   0.0006
82.7000   0.0006
82.8000   0.0006
82.9000   0.0006
83.0000   0.0006
83.1000   0.0005
83.2000   0.0005
83.3000   0.0005
83.4000   0.0005
83.5000   0.0005
83.6000   0.0005
83.7000   0.0005
83.8000   0.0005
83.9000   0.0005
84.0000   0.0005
84.1000   0.0005
84.2000   0.0005
84.3000   0.0005
84.4000   0.0005
84.5000   0.0005
84.6000   0.0005
84.7000   0.0004
84.8000   0.0004
84.9000   0.0004
85.0000   0.0004
85.1000   0.0004
85.2000   0.0004
85.3000   0.0004
85.4000   0.0004
85.5000   0.0004
85.6000   0.0004
85.7000   0.0004
85.8000   0.0004
85.9000   0.0004
86.0000   0.0004
86.1000   0.0004
86.2000   0.0004
86.3000   0.0004
86.4000   0.0004
86.5000   0.0004
86.6000   0.0003
86.7000   0.0003
86.8000   0.0003
86.9000   0.0003
87.0000   0.0003
87.1000   0.0003
87.2000   0.0003
87.3000   0.0003
87.4000   0.0003
87.5000   0.0003
87.6000   0.0003
87.7000   0.0003
87.8000   0.0003
87.9000   0.0003
88.0000   0.0003
88.1000   0.0003
88.2000   0.0003
88.3000   0.0003
88.4000   0.0003
88.5000   0.0003
88.6000   0.0003
88.7000   0.0003
88.8000   0.0003
88.9000   0.0003
89.0000   0.0002
89.1000   0.0002
89.2000   0.0002
89.3000   0.0002
89.4000   0.0002
89.5000   0.0002
89.6000   0.0002
89.7000   0.0002
89.8000   0.0002
89.9000   0.0002
90.0000   0.0002
90.1000   0.0002
90.2000   0.0002
90.3000   0.0002
90.4000   0.0002
90.5000   0.0002
90.6000   0.0002
90.7000   0.0002
90.8000   0.0002
90.9000   0.0002
91.0000   0.0002
91.1000   0.0002
91.2000   0.0002
91.3000   0.0002
91.4000   0.0002
91.5000   0.0002
91.6000   0.0002
91.7000   0.0002
91.8000   0.0002
91.9000   0.0002
92.0000   0.0002
92.1000   0.0002
92.2000   0.0002
92.3000   0.0002
92.4000   0.0002
92.5000   0.0002
92.6000   0.0002
92.7000   0.0002
92.8000   0.0002
92.9000   0.0002
93.0000   0.0002
93.1000   0.0001
93.2000   0.0001
93.3000   0.0001
93.4000   0.0001
93.5000   0.0001
93.6000   0.0001
93.7000   0.0001
93.8000   0.0001
93.9000   0.0001
94.0000   0.0001
94.1000   0.0001
94.2000   0.0001
94.3000   0.0001
94.4000   0.0001
94.5000   0.0001
94.6000   0.0001
94.7000   0.0001
94.8000   0.0001
94.9000   0.0001
95.0000   0.0001
95.1000   0.0001
95.2000   0.0001
95.3000   0.0001
95.4000   0.0001
95.5000   0.0001
95.6000   0.0001
95.7000   0.0001
95.8000   0.0001
95.9000   0.0001
96.0000   0.0001
96.1000   0.0001
96.2000   0.0001
96.3000   0.0001
96.4000   0.0001
96.5000   0.0001
96.6000   0.0001
96.7000   0.0001
96.8000   0.0001
96.9000   0.0001
97.0000   0.0001
97.1000   0.0001
97.2000   0.0001
97.3000   0.0001
97.4000   0.0001
97.5000   0.0001
97.6000   0.0001
97.7000   0.0001
97.8000   0.0001
97.9000   0.0001
98.0000   0.0001
98.1000   0.0001
98.2000   0.0001
98.3000   0.0001
98.4000   0.0001
98.5000   0.0001
98.6000   0.0001
98.7000   0.0001
98.8000   0.0001
98.9000   0.0001
99.0000   0.0001
99.1000   0.0001
99.2000   0.0001
99.3000   0.0001
99.4000   0.0001
99.5000   0.0001
99.6000   0.0001
99.7000   0.0001
99.8000   0.0001
99.9000   0.0001
100.0000   0.0001
100.1000   0.0001
100.2000   0.0001
100.3000   0.0001
100.4000   0.0001
100.5000   0.0001
100.6000   0.0001
100.7000   0.0001
100.8000   0.0001
100.9000   0.0001
101.0000   0.0001
101.1000   0.0001
101.2000   0.0001
101.3000   0.0001
101.4000   0.0001
101.5000   0.0001
101.6000   0.0001
101.7000   0.0001
101.8000   0.0001
101.9000   0.0001
102.0000   0.0001
102.1000   0.0001
102.2000   0.0001
102.3000   0.0001
102.4000   0.0001
102.5000   0.0001
102.6000   0.0001
102.7000   0.0001
102.8000   0.0001
102.9000   0.0001
103.0000   0.0001
103.1000   0.0001
103.2000   0.0001
103.3000   0.0001
103.4000   0.0001
103.5000   0.0001
103.6000   0.0001
103.7000   0.0001
103.8000   0.0001
103.9000   0.0001
104.0000   0.0001
104.1000   0.0001
104.2000   0.0001
104.3000   0.0001
104.4000   0.0001
104.5000   0.0001
104.6000   0.0001
104.7000   0.0001
104.8000   0.0001
104.9000   0.0001
105.0000   0.0001
105.1000   0.0001
105.2000   0.0001
105.3000   0.0001
105.4000   0.0001
105.5000   0.0001
105.6000   0.0001
105.7000   0.0001
105.8000   0.0001
105.9000   0.0001
106.0000   0.0001
106.1000   0.0001
106.2000   0.0001
106.3000   0.0001
106.4000   0.0001
106.5000   0.0001
106.6000   0.0001
106.7000   0.0001
106.8000   0.0001
106.9000   0.0001
107.0000   0.0001
107.1000   0.0001
107.2000   0.0001
107.3000   0.0001
107.4000   0.0001
107.5000   0.0001
107.6000   0.0001
107.7000   0.0001
107.8000   0.0001
107.9000   0.0001
108.0000   0.0001
108.1000   0.0001
108.2000   0.0001
108.3000   0.0001
108.4000   0.0001
108.5000   0.0001
108.6000   0.0001
108.7000   0.0001
108.8000   0.0001
108.9000   0.0001
109.0000   0.0001
109.1000   0.0001
109.2000   0.0001
109.3000   0.0001
109.4000   0.0001
109.5000   0.0001
109.6000   0.0001
109.7000   0.0001
109.8000   0.0001
109.9000   0.0001
110.0000   0.0001
110.1000   0.0001
110.2000   0.0001
110.3000   0.0001
110.4000   0.0001
110.5000   0.0001
110.6000   0.0001
110.7000   0.0001
110.8000   0.0001
110.9000   0.0001
111.0000   0.0001
111.1000   0.0001
111.2000   0.0001
111.3000   0.0001
111.4000   0.0001
111.5000   0.0001
111.6000   0.0001
111.7000   0.0001
111.8000   0.0001
111.9000   0.0001
112.0000   0.0001
112.1000   0.0001
112.2000   0.0001
112.3000   0.0001
112.4000   0.0001
112.5000   0.0001
112.6000   0.0001
112.7000   0.0001
112.8000   0.0001
112.9000   0.0001
113.0000   0.0001
113.1000   0.0001
113.2000   0.0001
113.3000   0.0001
113.4000   0.0001
113.5000   0.0001
113.6000   0.0001
113.7000   0.0001
113.8000   0.0001
113.9000   0.0001
114.0000   0.0001
114.1000   0.0001
114.2000   0.0001
114.3000   0.0001
114.4000   0.0001
114.5000   0.0001
114.6000   0.0001
114.7000   0.0001
114.8000   0.0001
114.9000   0.0001
115.0000   0.0001
115.1000   0.0001
115.2000   0.0001
115.3000   0.0001
115.4000   0.0001
115.5000   0.0001
115.6000   0.0001
115.7000   0.0001
115.8000   0.0001
115.9000   0.0001
116.0000   0.0001
116.1000   0.0001
116.2000   0.0001
116.3000   0.0001
116.4000   0.0001
116.5000   0.0001
116.6000   0.0001
116.7000   0.0001
116.8000   0.0001
116.9000   0.0001
117.0000   0.0001
117.1000   0.0001
117.2000   0.0001
117.3000   0.0001
117.4000   0.0001
117.5000   0.0001
117.6000   0.0001
117.7000   0.0001
117.8000   0.0001
117.9000   0.0001
118.0000   0.0001
118.1000   0.0001
118.2000   0.0001
118.3000   0.0001
118.4000   0.0001
118.5000   0.0001
118.6000   0.0001
118.7000   0.0001
118.8000   0.0001
118.9000   0.0001
119.0000   0.0001
119.1000   0.0001
119.2000   0.0001
119.3000   0.0001
119.4000   0.0001
119.5000   0.0001
119.6000   0.0001
119.7000   0.0001
119.8000   0.0001
119.9000   0.0001
120.0000   0.0001
120.1000   0.0001
120.2000   0.0000
120.3000   0.0000
120.4000   0.0000
120.5000   0.0000
120.6000   0.0000
120.7000   0.0000
120.8000   0.0000
120.9000   0.0000
121.0000   0.0000
121.1000   0.0000
121.2000   0.0000
121.3000   0.0000
121.4000   0.0000
121.5000   0.0000
121.6000   0.0000
121.7000   0.0000
121.8000   0.0000
121.9000   0.0000
122.0000   0.0000
122.1000   0.0000
122.2000   0.0000
122.3000   0.0000
122.4000   0.0000
122.5000   0.0000
122.6000   0.0000
122.7000   0.0000
122.8000   0.0000
122.9000   0.0000
123.0000   0.0000
123.1000   0.0000
123.2000   0.0000
123.3000   0.0000
123.4000   0.0000
123.5000   0.0000
123.6000   0.0000
123.7000   0.0000
123.8000   0.0000
123.9000   0.0000
124.0000   0.0000
124.1000   0.0000
124.2000   0.0000
124.3000   0.0000
124.4000   0.0000
124.5000   0.0000
124.6000   0.0000
124.7000   0.0000
124.8000   0.0000
124.9000   0.0000
125.0000   0.0000
125.1000   0.0000
125.2000   0.0000
125.3000   0.0000
125.4000   0.0000
125.5000   0.0000
125.6000   0.0000
125.7000   0.0000
125.8000   0.0000
125.9000   0.0000
126.0000   0.0000
126.1000   0.0000
126.2000   0.0000
126.3000   0.0000
126.4000   0.0000
126.5000   0.0000
126.6000   0.0000
126.7000   0.0000
126.8000   0.0000
126.9000   0.0000
127.0000   0.0000
127.1000   0.0000
127.2000   0.0000
127.3000   0.0000
127.4000   0.0000
127.5000   0.0000
127.6000   0.0000
127.7000   0.0000
127.8000   0.0000
127.9000   0.0000
128.0000   0.0000
128.1000   0.0000
128.2000   0.0000
128.3000   0.0000
128.4000   0.0000
128.5000   0.0000
128.6000   0.0000
128.7000   0.0000
128.8000   0.0000
128.9000   0.0000
129.0000   0.0000
129.1000   0.0000
129.2000   0.0000
129.3000   0.0000
129.4000   0.0000
129.5000   0.0000
129.6000   0.0000
129.7000   0.0000
129.8000   0.0000
129.9000   0.0000
130.0000   0.0000
130.1000   0.0000
130.2000   0.0000
130.3000   0.0000
130.4000   0.0000
130.5000   0.0000
130.6000   0.0000
130.7000   0.0000
130.8000   0.0000
130.9000   0.0000
131.0000   0.0000
131.1000   0.0000
131.2000   0.0000
131.3000   0.0000
131.4000   0.0000
131.5000   0.0000
131.6000   0.0000
131.7000   0.0000
131.8000   0.0000
131.9000   0.0000
132.0000   0.0000
132.1000   0.0000
132.2000   0.0000
132.3000   0.0000
132.4000   0.0000
132.5000   0.0000
132.6000   0.0000
132.7000   0.0000
132.8000   0.0000
132.9000   0.0000
133.0000   0.0000
133.1000   0.0000
133.2000   0.0000
133.3000   0.0000
133.4000   0.0000
133.5000   0.0000
133.6000   0.0000
133.7000   0.0000
133.8000   0.0000
133.9000   0.0000
134.0000   0.0000
134.1000   0.0000
134.2000   0.0000
134.3000   0.0000
134.4000   0.0000
134.5000   0.0000
134.6000   0.0000
134.7000   0.0000
134.8000   0.0000
134.9000   0.0000
135.0000   0.0000
135.1000   0.0000
135.2000   0.0000
135.3000   0.0000
135.4000   0.0000
135.5000   0.0000
135.6000   0.0000
135.7000   0.0000
135.8000   0.0000
135.9000   0.0000
136.0000   0.0000
136.1000   0.0000
136.2000   0.0000
136.3000   0.0000
136.4000   0.0000
136.5000   0.0000
136.6000   0.0000
136.7000   0.0000
136.8000   0.0000
136.9000   0.0000
137.0000   0.0000
137.1000   0.0000
137.2000   0.0000
137.3000   0.0000
137.4000   0.0000
137.5000   0.0000
137.6000   0.0000
137.7000   0.0000
137.8000   0.0000
137.9000   0.0000
138.0000   0.0000
138.1000   0.0000
138.2000   0.0000
138.3000   0.0000
138.4000   0.0000
138.5000   0.0000
138.6000   0.0000
138.7000   0.0000
138.8000   0.0000
138.9000   0.0000
139.0000   0.0000
139.1000   0.0000
139.2000   0.0000
139.3000   0.0000
139.4000   0.0000
139.5000   0.0000
139.6000   0.0000
139.7000   0.0000
139.8000   0.0000
139.9000   0.0000
140.0000   0.0000
140.1000   0.0000
140.2000   0.0000
140.3000   0.0000
140.4000   0.0000
140.5000   0.0000
140.6000   0.0000
140.7000   0.0000
140.8000   0.0000
140.9000   0.0000
141.0000   0.0000
141.1000   0.0000
141.2000   0.0000
141.3000   0.0000
141.4000   0.0000
141.5000   0.0000
141.6000   0.0000
141.7000   0.0000
141.8000   0.0000
141.9000   0.0000
142.0000   0.0000
142.1000   0.0000
142.2000   0.0000
142.3000   0.0000
142.4000   0.0000
142.5000   0.0000
142.6000   0.0000
142.7000   0.0000
142.8000   0.0000
142.9000   0.0000
143.0000   0.0000
143.1000   0.0000
143.2000   0.0000
143.3000   0.0000
143.4000   0.0000
143.5000   0.0000
143.6000   0.0000
143.7000   0.0000
143.8000   0.0000
143.9000   0.0000
144.0000   0.0000
144.1000   0.0000
144.2000   0.0000
144.3000   0.0000
144.4000   0.0000
144.5000   0.0000
144.6000   0.0000
144.7000   0.0000
144.8000   0.0000
144.9000   0.0000
145.0000   0.0000
145.1000   0.0000
145.2000   0.0000
145.3000   0.0000
145.4000   0.0000
145.5000   0.0000
145.6000   0.0000
145.7000   0.0000
145.8000   0.0000
145.9000   0.0000
146.0000   0.0000
146.1000   0.0000
146.2000   0.0000
146.3000   0.0000
146.4000   0.0000
146.5000   0.0000
146.6000   0.0000
146.7000   0.0000
146.8000   0.0000
146.9000   0.0000
147.0000   0.0000
147.1000   0.0000
147.2000   0.0000
147.3000   0.0000
147.4000   0.0000
147.5000   0.0000
147.6000   0.0000
147.7000   0.0000
147.8000   0.0000
147.9000   0.0000
148.0000   0.0000
148.1000   0.0000
148.2000   0.0000
148.3000   0.0000
148.4000   0.0000
148.5000   0.0000
148.6000   0.0000
148.7000   0.0000
148.8000   0.0000
148.9000   0.0000
149.0000   0.0000
149.1000   0.0000
149.2000   0.0000
149.3000   0.0000
149.4000   0.0000
149.5000   0.0000
149.6000   0.0000
149.7000   0.0000
149.8000   0.0000
149.9000   0.0000
150.0000   0.0000
150.1000   0.0000
150.2000   0.0000
150.3000   0.0000
150.4000   0.0000
150.5000   0.0000
150.6000   0.0000
150.7000   0.0000
150.8000   0.0000
150.9000   0.0000
151.0000   0.0000
151.1000   0.0000
151.2000   0.0000
151.3000   0.0000
151.4000   0.0000
151.5000   0.0000
151.6000   0.0000
151.7000   0.0000
151.8000   0.0000
151.9000   0.0000
152.0000   0.0000
152.1000   0.0000
152.2000   0.0000
152.3000   0.0000
152.4000   0.0000
152.5000   0.0000
152.6000   0.0000
152.7000   0.0000
152.8000   0.0000
152.9000   0.0000
153.0000   0.0000
153.1000   0.0000
153.2000   0.0000
153.3000   0.0000
153.4000   0.0000
153.5000   0.0000
153.6000   0.0000
153.7000   0.0000
153.8000   0.0000
153.9000   0.0000
154.0000   0.0000
154.1000   0.0000
154.2000   0.0000
154.3000   0.0000
154.4000   0.0000
154.5000   0.0000
154.6000   0.0000
154.7000   0.0000
154.8000   0.0000
154.9000   0.0000
155.0000   0.0000
155.1000   0.0000
155.2000   0.0000
155.3000   0.0000
155.4000   0.0000
155.5000   0.0000
155.6000   0.0000
155.7000   0.0000
155.8000   0.0000
155.9000   0.0000
156.0000   0.0000
156.1000   0.0000
156.2000   0.0000
156.3000   0.0000
156.4000   0.0000
156.5000   0.0000
156.6000   0.0000
156.7000   0.0000
156.8000   0.0000
156.9000   0.0000
157.0000   0.0000
157.1000   0.0000
157.2000   0.0000
157.3000   0.0000
157.4000   0.0000
157.5000   0.0000
157.6000   0.0000
157.7000   0.0000
157.8000   0.0000
157.9000   0.0000
158.0000   0.0000
158.1000   0.0000
158.2000   0.0000
158.3000   0.0000
158.4000   0.0000
158.5000   0.0000
158.6000   0.0000
158.7000   0.0000
158.8000   0.0000
158.9000   0.0000
159.0000   0.0000
159.1000   0.0000
159.2000   0.0000
159.3000   0.0000
159.4000   0.0000
159.5000   0.0000
159.6000   0.0000
159.7000   0.0000
159.8000   0.0000
159.9000   0.0000
160.0000   0.0000
160.1000   0.0000
160.2000   0.0000
160.3000   0.0000
160.4000   0.0000
160.5000   0.0000
160.6000   0.0000
160.7000   0.0000
160.8000   0.0000
160.9000   0.0000
161.0000   0.0000
161.1000   0.0000
161.2000   0.0000
161.3000   0.0000
161.4000   0.0000
161.5000   0.0000
161.6000   0.0000
161.7000   0.0000
161.8000   0.0000
161.9000   0.0000
162.0000   0.0000
162.1000   0.0000
162.2000   0.0000
162.3000   0.0000
162.4000   0.0000
162.5000   0.0000
162.6000   0.0000
162.7000   0.0000
162.8000   0.0000
162.9000   0.0000
163.0000   0.0000
163.1000   0.0000
163.2000   0.0000
163.3000   0.0000
163.4000   0.0000
163.5000   0.0000
163.6000   0.0000
163.7000   0.0000
163.8000   0.0000
163.9000   0.0000
164.0000   0.0000
164.1000   0.0000
164.2000   0.0000
164.3000   0.0000
164.4000   0.0000
164.5000   0.0000
164.6000   0.0000
164.7000   0.0000
164.8000   0.0000
164.9000   0.0000
165.0000   0.0000
165.1000   0.0000
165.2000   0.0000
165.3000   0.0000
165.4000   0.0000
165.5000   0.0000
165.6000   0.0000
165.7000   0.0000
165.8000   0.0000
165.9000   0.0000
166.0000   0.0000
166.1000   0.0000
166.2000   0.0000
166.3000   0.0000
166.4000   0.0000
166.5000   0.0000
166.6000   0.0000
166.7000   0.0000
166.8000   0.0000
166.9000   0.0000
167.0000   0.0000
167.1000   0.0000
167.2000   0.0000
167.3000   0.0000
167.4000   0.0000
167.5000   0.0000
167.6000   0.0000
167.7000   0.0000
167.8000   0.0000
167.9000   0.0000
168.0000   0.0000
168.1000   0.0000
168.2000   0.0000
168.3000   0.0000
168.4000   0.0000
168.5000   0.0000
168.6000   0.0000
168.7000   0.0000
168.8000   0.0000
168.9000   0.0000
169.0000   0.0000
169.1000   0.0000
169.2000   0.0000
169.3000   0.0000
169.4000   0.0000
169.5000   0.0000
169.6000   0.0000
169.7000   0.0000
169.8000   0.0000
169.9000   0.0000
170.0000   0.0000
170.1000   0.0000
170.2000   0.0000
170.3000   0.0000
170.4000   0.0000
170.5000   0.0000
170.6000   0.0000
170.7000   0.0000
170.8000   0.0000
170.9000   0.0000
171.0000   0.0000
171.1000   0.0000
171.2000   0.0000
171.3000   0.0000
171.4000   0.0000
171.5000   0.0000
171.6000   0.0000
171.7000   0.0000
171.8000   0.0000
171.9000   0.0000
172.0000   0.0000
172.1000   0.0000
172.2000   0.0000
172.3000   0.0000
172.4000   0.0000
172.5000   0.0000
172.6000   0.0000
172.7000   0.0000
172.8000   0.0000
172.9000   0.0000
173.0000   0.0000
173.1000   0.0000
173.2000   0.0000
173.3000   0.0000
173.4000   0.0000
173.5000   0.0000
173.6000   0.0000
173.7000   0.0000
173.8000   0.0000
173.9000   0.0000
174.0000   0.0000
174.1000   0.0000
174.2000   0.0000
174.3000   0.0000
174.4000   0.0000
174.5000   0.0000
174.6000   0.0000
174.7000   0.0000
174.8000   0.0000
174.9000   0.0000
175.0000   0.0000
175.1000   0.0000
175.2000   0.0000
175.3000   0.0000
175.4000   0.0000
175.5000   0.0000
175.6000   0.0000
175.7000   0.0000
175.8000   0.0000
175.9000   0.0000
176.0000   0.0000
176.1000   0.0000
176.2000   0.0000
176.3000   0.0000
176.4000   0.0000
176.5000   0.0000
176.6000   0.0000
176.7000   0.0000
176.8000   0.0000
176.9000   0.0000
177.0000   0.0000
177.1000   0.0000
177.2000   0.0000
177.3000   0.0000
177.4000   0.0000
177.5000   0.0000
177.6000   0.0000
177.7000   0.0000
177.8000   0.0000
177.9000   0.0000
178.0000   0.0000
178.1000   0.0000
178.2000   0.0000
178.3000   0.0000
178.4000   0.0000
178.5000   0.0000
178.6000   0.0000
178.7000   0.0000
178.8000   0.0000
178.9000   0.0000
179.0000   0.0000
179.1000   0.0000
179.2000   0.0000
179.3000   0.0000
179.4000   0.0000
179.5000   0.0000
179.6000   0.0000
179.7000   0.0000
179.8000   0.0000
179.9000   0.0000
