6.35466
6.69032
6.82594
6.74706
6.48437
6.09424
6.33086
6.8196
6.5628
6.27131
6.71443
6.55614
6.71743
6.30497
6.63197
6.66056
6.23259
6.74612
6.39906
6.50201
6.63669
6.33624
6.53301
6.6285
6.28549
6.44601
6.28845
6.53319
6.40269
6.39739
6.43232
6.44691
6.38218
6.51317
6.47861
6.54962
6.73041
6.78793
6.29987
6.68419
6.37065
6.30204
6.20987
6.7512
6.74516
6.54026
6.29115
6.37999
6.59891
6.59076
6.52736
6.81099
6.67069
6.18602
6.27116
6.8031
6.26983
6.2565
6.56923
6.65672
6.15891
6.76695
6.69045
6.32046
6.76974
6.76761
6.65199
6.62779
6.35904
6.12844
6.50745
6.21699
6.46086
6.60857
6.53308
6.77301
6.65224
6.26854
6.52425
6.36641
6.36939
6.68053
6.71831
6.53702
6.56724
6.28138
6.49577
6.66244
6.28309
6.13907
6.44233
6.85071
6.31444
6.43584
6.47578
6.41711
6.37798
6.16974
6.44001
6.37393
6.40524
6.20265
6.79348
6.40479
6.79691
6.32179
6.46384
6.10742
6.39696
6.16761
6.3876
6.64699
6.44826
6.49843
6.66718
6.25065
6.57921
6.52924
6.59524
6.22046
6.5415
6.59927
6.50424
6.41117
6.26426
6.78896
6.69354
6.62576
6.45223
6.41582
6.41713
6.53271
6.36587
6.34494
6.25509
6.68621
6.39859
6.42418
6.25674
6.34453
6.34307
6.33411
6.26233
6.39529
6.52082
6.5853
6.47811
6.35492
6.21426
6.33581
6.29934
6.56055
6.61787
6.40406
6.4356
6.31734
6.1704
6.24448
6.58905
6.21461
6.63555
6.25826
6.49821
6.59156
6.37708
6.35259
6.51521
6.82746
6.45765
6.58009
6.35863
6.84846
6.42433
6.39221
6.17668
6.29601
6.53355
6.53132
6.37566
6.57814
6.36251
6.40157
6.27917
6.47329
6.55359
6.39171
6.28821
6.39731
6.33321
6.45135
6.42973
6.59344
6.52444
6.46164
6.60885
6.85513
6.26381
6.61365
6.84032
6.32599
6.21694
6.51319
6.68554
6.66716
6.41261
6.66765
6.63463
6.33279
6.31211
6.72285
6.17646
6.62173
6.49764
6.19181
6.56291
6.30947
6.57139
6.64281
6.15707
6.24917
6.45778
6.56252
6.15011
6.34031
6.65357
6.57709
6.54716
6.48799
6.29391
6.34989
6.26241
6.22071
6.14211
6.4809
6.75872
6.70078
6.33139
6.30283
6.39673
6.74526
6.59113
6.264
6.59389
6.36718
6.63129
6.59524
6.40307
6.54161
6.57726
6.82611
6.31592
6.12334
6.35246
6.31571
6.60669
6.34419
6.32006
6.32696
6.22577
6.37858
6.70074
6.65445
6.42124
6.41831
6.53199
6.54122
6.6222
6.37571
6.73562
6.57298
6.34654
6.45975
6.63887
6.66163
6.61035
6.69086
6.53417
6.11379
6.43931
6.22309
6.41031
6.5559
6.35359
6.22136
6.47814
6.39418
6.30133
6.4128
6.84195
6.48649
6.52026
6.45257
6.28706
6.58995
6.36394
6.60396
6.63341
6.25706
6.3705
6.72107
6.46179
6.54189
6.30804
6.44921
6.71173
6.68411
6.48349
6.41259
6.64817
6.6618
6.5823
6.38246
6.48611
6.44991
6.54585
6.29426
6.46984
6.44342
6.65074
6.56989
6.62659
6.65475
6.78146
6.48244
6.65336
6.43699
6.56481
6.56274
6.3756
6.30214
6.51287
6.44595
6.92404
6.63189
6.57799
6.33681
6.21246
6.21686
6.35897
6.28727
6.51624
6.69313
6.40303
