11.2972
11.8939
12.135
11.9948
11.5278
10.8342
11.2549
12.1237
11.6672
11.149
11.9368
11.6554
11.9421
11.2088
11.7902
11.841
11.0802
11.9931
11.3761
11.5591
11.7986
11.2644
11.6142
11.784
11.1742
11.4596
11.1795
11.6146
11.3826
11.3731
11.4352
11.4612
11.3461
11.579
11.5175
11.6438
11.9652
12.0674
11.1998
11.883
11.3256
11.2036
11.0398
12.0021
11.9914
11.6271
11.1843
11.3422
11.7314
11.7169
11.6042
12.1084
11.859
10.9974
11.1487
12.0944
11.1464
11.1227
11.6786
11.8342
10.9492
12.0301
11.8941
11.2364
12.0351
12.0313
11.8258
11.7827
11.305
10.895
11.5688
11.0524
11.486
11.7486
11.6144
12.0409
11.8262
11.1441
11.5987
11.3181
11.3234
11.8765
11.9437
11.6214
11.6751
11.1669
11.548
11.8443
11.1699
10.9139
11.453
12.179
11.2257
11.4415
11.5125
11.4082
11.3386
10.9684
11.4489
11.3314
11.3871
11.0269
12.0773
11.3863
12.0834
11.2387
11.4913
10.8576
11.3724
10.9646
11.3557
11.8169
11.4636
11.5528
11.8528
11.1123
11.6964
11.6075
11.7249
11.0586
11.6293
11.732
11.5631
11.3976
11.1365
12.0693
11.8996
11.7791
11.4706
11.4059
11.4082
11.6137
11.3171
11.2799
11.1202
11.8866
11.3753
11.4208
11.1231
11.2792
11.2766
11.2606
11.133
11.3694
11.5926
11.7072
11.5166
11.2976
11.0476
11.2637
11.1988
11.6632
11.7651
11.385
11.4411
11.2308
10.9696
11.1013
11.7139
11.0482
11.7965
11.1258
11.5524
11.7183
11.337
11.2935
11.5826
12.1377
11.4803
11.6979
11.3042
12.175
11.421
11.3639
10.9808
11.1929
11.6152
11.6112
11.3345
11.6945
11.3111
11.3806
11.163
11.5081
11.6508
11.363
11.179
11.373
11.259
11.4691
11.4306
11.7217
11.599
11.4874
11.7491
12.1869
11.1357
11.7576
12.1606
11.2462
11.0523
11.579
11.8854
11.8527
11.4002
11.8536
11.7949
11.2583
11.2215
11.9517
10.9804
11.772
11.5514
11.0077
11.6674
11.2168
11.6825
11.8094
10.9459
11.1096
11.4805
11.6667
10.9335
11.2717
11.8286
11.6926
11.6394
11.5342
11.1892
11.2887
11.1332
11.059
10.9193
11.5216
12.0155
11.9125
11.2558
11.205
11.372
11.9916
11.7176
11.136
11.7225
11.3194
11.789
11.7249
11.3832
11.6295
11.6929
12.1353
11.2283
10.8859
11.2933
11.2279
11.7452
11.2786
11.2357
11.2479
11.068
11.3397
11.9124
11.8301
11.4155
11.4103
11.6124
11.6288
11.7728
11.3346
11.9744
11.6853
11.2827
11.484
11.8024
11.8429
11.7517
11.8949
11.6163
10.869
11.4477
11.0633
11.3961
11.6549
11.2953
11.0602
11.5167
11.3674
11.2024
11.4005
12.1635
11.5315
11.5916
11.4712
11.177
11.7155
11.3137
11.7404
11.7927
11.1237
11.3253
11.9486
11.4876
11.63
11.2143
11.4653
11.932
11.8829
11.5262
11.4002
11.819
11.8432
11.7019
11.3466
11.5309
11.4665
11.6371
11.1898
11.5019
11.455
11.8235
11.6798
11.7806
11.8307
12.0559
11.5243
11.8282
11.4435
11.6708
11.6671
11.3344
11.2038
11.5784
11.4595
12.3094
11.79
11.6942
11.2654
11.0444
11.0522
11.3048
11.1774
11.5844
11.8989
11.3832
