17.6518
18.5842
18.961
18.7418
18.0121
16.9285
17.5857
18.9433
18.23
17.4203
18.6512
18.2115
18.6595
17.5138
18.4221
18.5015
17.3127
18.7392
17.7752
18.0611
18.4352
17.6007
18.1473
18.4125
17.4597
17.9056
17.4679
18.1477
17.7852
17.7705
17.8676
17.9081
17.7283
18.0921
17.9961
18.1934
18.6956
18.8554
17.4996
18.5672
17.6963
17.5057
17.2496
18.7533
18.7365
18.1674
17.4754
17.7222
18.3303
18.3077
18.1315
18.9194
18.5297
17.1834
17.4199
18.8975
17.4162
17.3792
18.2479
18.4909
17.1081
18.7971
18.5846
17.5568
18.8048
18.7989
18.4777
18.4105
17.664
17.0235
18.0763
17.2694
17.9468
18.3571
18.1474
18.8139
18.4785
17.4126
18.1229
17.6845
17.6927
18.557
18.662
18.1584
18.2423
17.4483
18.0438
18.5068
17.453
17.053
17.8954
19.0298
17.5401
17.8773
17.9883
17.8253
17.7166
17.1382
17.8889
17.7054
17.7923
17.2296
18.8708
17.7911
18.8803
17.5605
17.9551
16.9651
17.7693
17.1323
17.7433
18.4639
17.9118
18.0512
18.5199
17.3629
18.2756
18.1368
18.3201
17.279
18.1708
18.3313
18.0673
17.8088
17.4007
18.8582
18.5932
18.4049
17.9229
17.8217
17.8254
18.1464
17.683
17.6248
17.3752
18.5728
17.7739
17.8449
17.3798
17.6237
17.6196
17.5948
17.3954
17.7647
18.1134
18.2925
17.9948
17.6526
17.2618
17.5995
17.4982
18.2238
18.383
17.789
17.8767
17.5482
17.14
17.3458
18.3029
17.2628
18.4321
17.384
18.0506
18.3099
17.7141
17.6461
18.0978
18.9652
17.9379
18.278
17.6629
19.0235
17.8454
17.7561
17.1574
17.4889
18.1488
18.1426
17.7102
18.2726
17.6736
17.7821
17.4421
17.9814
18.2044
17.7548
17.4673
17.7703
17.5923
17.9204
17.8604
18.3151
18.1235
17.949
18.3579
19.042
17.3995
18.3713
19.0009
17.5722
17.2693
18.0922
18.571
18.5199
17.8128
18.5213
18.4295
17.5911
17.5336
18.6746
17.1568
18.3937
18.049
17.1995
18.2303
17.5263
18.2539
18.4523
17.103
17.3588
17.9383
18.2292
17.0836
17.612
18.4821
18.2697
18.1865
18.0222
17.4831
17.6386
17.3956
17.2798
17.0614
18.0025
18.7742
18.6133
17.5872
17.5079
17.7687
18.7368
18.3087
17.4
18.3164
17.6866
18.4202
18.3201
17.7863
18.1711
18.2702
18.9614
17.5442
17.0093
17.6457
17.5436
18.3519
17.6227
17.5557
17.5749
17.2938
17.7183
18.6132
18.4846
17.8368
17.8286
18.1444
18.1701
18.395
17.7103
18.7101
18.2583
17.6293
17.9438
18.4413
18.5045
18.3621
18.5857
18.1505
16.9827
17.887
17.2864
17.8064
18.2108
17.6489
17.2815
17.9948
17.7616
17.5037
17.8133
19.0054
18.018
18.1118
17.9238
17.464
18.3054
17.6776
18.3443
18.4261
17.3807
17.6958
18.6696
17.9494
18.1719
17.5223
17.9145
18.6437
18.567
18.0097
17.8127
18.4671
18.505
18.2842
17.729
18.017
17.9164
18.1829
17.484
17.9718
17.8984
18.4743
18.2497
18.4072
18.4854
18.8374
18.0068
18.4815
17.8805
18.2356
18.2298
17.71
17.506
18.0913
17.9054
19.2335
18.4219
18.2722
17.6023
17.2568
17.269
17.6638
17.4646
18.1007
18.592
17.7862
