4.11304
4.60534
4.3848
4.3802
4.08759
4.53153
4.31994
4.38613
4.33689
4.44293
4.23794
4.28363
4.25247
4.20499
4.50049
4.27214
4.23687
4.42896
4.41417
4.57234
4.48911
4.42137
4.52987
4.23024
4.3822
4.46449
4.54324
4.19057
4.28136
4.51844
4.37901
4.21086
4.51539
4.36776
4.32039
4.13937
4.3872
4.38249
4.50423
4.33274
4.3874
4.22693
4.28679
4.2771
4.54847
4.26463
4.52204
4.37106
4.16043
4.42323
4.34764
4.50636
4.41786
4.4275
4.38233
4.24873
4.45501
4.33784
4.41993
4.2868
4.57867
4.41193
4.3041
4.25846
4.39499
4.29177
4.38571
4.34801
4.16984
4.37506
4.5235
4.4523
