8.22609
9.21069
8.7696
8.7604
8.17517
9.06306
8.63989
8.77226
8.67377
8.88586
8.47589
8.56726
8.50494
8.40997
9.00097
8.54429
8.47374
8.85791
8.82834
9.14469
8.97823
8.84274
9.05974
8.46049
8.7644
8.92897
9.08649
8.38114
8.56271
9.03689
8.75803
8.42171
9.03077
8.73551
8.64077
8.27874
8.7744
8.76497
9.00846
8.66549
8.7748
8.45386
8.57357
8.5542
9.09694
8.52926
9.04409
8.74211
8.32086
8.84646
8.69529
9.01271
8.83571
8.855
8.76466
8.49746
8.91003
8.67569
8.83986
8.5736
9.15734
8.82386
8.6082
8.51691
8.78997
8.58354
8.77143
8.69603
8.33969
8.75011
9.047
8.9046
