3.91347
2.28494
2.28889
2.15924
4.01885
3.78735
3.10468
2.2436
2.46181
3.07071
2.77063
3.65781
2.17912
3.62811
2.87273
2.17276
3.51402
2.90443
3.4788
3.62941
2.41022
3.94578
2.87686
2.64612
3.88768
3.00965
4.09222
3.23665
2.31225
4.04448
3.14433
3.16952
3.481
2.9952
3.63028
3.62648
2.75621
2.48703
3.7551
2.24581
3.73786
3.47376
3.5412
2.6975
2.67704
2.8185
3.73662
3.07683
3.44419
2.29787
2.57715
2.63496
2.73928
3.98963
3.76405
2.15241
3.7429
4.21547
3.15195
3.54508
3.74263
2.59494
2.66801
3.48131
2.23611
2.83772
2.57708
2.32365
2.94145
3.6609
2.35563
4.26016
3.22368
2.59041
3.41287
2.10968
2.26842
3.45109
3.48345
2.8793
3.24894
2.71146
2.33835
2.76895
3.33597
3.69809
2.48448
2.5421
3.30636
3.73219
3.69452
2.15396
3.68185
2.48041
3.76949
2.49145
4.00748
3.70242
3.81479
3.74905
3.61247
3.85798
2.56147
2.72435
2.40908
3.98733
3.0647
3.78516
2.66829
3.65205
3.66069
2.28673
2.73171
3.21092
2.43934
2.86782
3.17783
3.3197
2.49468
4.12092
3.4105
2.51542
3.67029
3.4666
3.92187
2.15839
3.28271
2.8577
3.44139
3.76416
2.36755
2.83877
4.04709
3.98683
3.79225
2.27626
3.23773
3.9391
3.9373
3.45144
3.39052
2.87876
3.23037
4.11338
3.32698
3.02742
2.60852
3.51358
3.48693
3.12448
3.04416
2.44409
3.04807
2.81138
2.97945
3.13426
3.55321
3.97486
2.35565
3.68197
3.05566
4.14128
3.24789
2.96258
2.8755
2.41841
3.11473
2.09034
2.81884
3.31535
3.78121
2.35196
3.92344
3.91422
4.03957
3.81501
3.7001
3.33147
3.87308
3.66533
3.88223
2.78366
3.60616
3.65456
2.71496
3.88557
3.1448
3.6115
3.69576
3.43417
3.78935
3.41851
3.1024
2.48016
2.56351
2.40871
4.02536
2.02832
2.38326
3.99522
4.13129
3.36235
2.22829
2.1663
3.66779
2.88343
3.14537
3.32262
3.30055
2.72357
3.83454
2.33875
2.51856
3.84387
3.65595
3.91804
3.31262
2.41298
3.62505
3.92925
3.04376
2.83761
3.80773
2.41046
2.70392
2.16993
2.49372
2.53497
3.99071
3.37091
3.57117
3.77045
3.77786
3.38461
2.30375
2.84324
3.93941
3.56484
3.98642
2.2768
3.57555
3.69314
2.18275
3.39175
2.59478
3.27364
3.00717
3.13904
2.87655
2.50495
3.89974
3.67679
3.23639
3.94168
2.70402
4.07747
3.01386
3.49246
3.41706
3.61367
2.28094
2.62164
3.03636
3.30645
3.63153
3.47185
2.7171
3.03843
2.21481
2.51236
3.39232
2.52995
2.77253
3.06988
3.2795
2.11614
2.96212
3.64518
3.4712
4.16949
2.34315
2.84236
3.57277
3.56141
3.89505
3.83365
3.63042
2.71478
2.18318
3.7525
3.2084
2.2972
3.26418
2.8185
3.85634
2.42876
2.82449
3.89837
2.98915
2.49916
3.11562
2.4161
3.99929
3.77356
3.05752
2.6076
3.50004
2.5627
2.67793
2.92545
2.38457
2.94046
2.83016
2.89509
2.66177
2.89584
3.66758
3.13396
3.08918
2.94472
3.17697
3.06399
2.50348
3.04705
2.4308
3.93621
3.32843
3.28044
3.24044
3.58152
2.32973
3.60168
2.02382
3.00502
3.56342
3.56998
3.51214
4.26731
2.60733
3.69706
2.31988
2.50248
3.74689
