29.6551
31.2215
31.8544
31.4863
30.2604
28.4398
29.544
31.8248
30.6264
29.2661
31.334
30.5953
31.348
29.4232
30.9492
31.0826
29.0854
31.4819
29.8623
30.3427
30.9712
29.5691
30.4874
30.933
29.3323
30.0814
29.3461
30.4882
29.8792
29.8545
30.0175
30.0856
29.7835
30.3948
30.2335
30.5649
31.4086
31.677
29.3994
31.1929
29.7297
29.4095
28.9794
31.5056
31.4774
30.5212
29.3587
29.7733
30.7949
30.7569
30.461
31.7846
31.1299
28.8681
29.2654
31.7478
29.2592
29.197
30.6564
31.0647
28.7416
31.5791
31.2221
29.4955
31.5921
31.5822
31.0426
30.9297
29.6755
28.5994
30.3681
29.0126
30.1507
30.84
30.4877
31.6074
31.0438
29.2532
30.4465
29.7099
29.7238
31.1758
31.3521
30.5061
30.6471
29.3131
30.3136
31.0914
29.3211
28.649
30.0642
31.97
29.4674
30.0339
30.2203
29.9465
29.7639
28.7921
30.0534
29.745
29.8911
28.9457
31.7029
29.889
31.7189
29.5017
30.1646
28.5013
29.8525
28.7822
29.8088
31.0193
30.0919
30.326
31.1135
29.1697
30.703
30.4698
30.7778
29.0288
30.527
30.7966
30.3531
29.9188
29.2332
31.6818
31.2365
30.9202
30.1104
29.9405
29.9466
30.486
29.7074
29.6097
29.1904
31.2023
29.8601
29.9795
29.1981
29.6078
29.601
29.5592
29.2242
29.8447
30.4305
30.7314
30.2312
29.6563
28.9999
29.5671
29.3969
30.6159
30.8834
29.8856
30.0328
29.4809
28.7952
29.1409
30.7489
29.0015
30.9659
29.2052
30.325
30.7606
29.7597
29.6454
30.4043
31.8615
30.1357
30.7071
29.6736
31.9595
29.9802
29.8303
28.8245
29.3814
30.4899
30.4795
29.7531
30.698
29.6917
29.874
29.3028
30.2087
30.5834
29.828
29.345
29.8541
29.555
30.1063
30.0054
30.7694
30.4474
30.1543
30.8413
31.9906
29.2311
30.8637
31.9215
29.5213
29.0124
30.3949
31.1992
31.1134
29.9255
31.1157
30.9616
29.553
29.4565
31.3733
28.8235
30.9014
30.3223
28.8951
30.6269
29.4442
30.6665
30.9998
28.733
29.1628
30.1363
30.6251
28.7005
29.5881
31.05
30.6931
30.5534
30.2773
29.3716
29.6328
29.2246
29.03
28.6632
30.2442
31.5407
31.2703
29.5465
29.4132
29.8514
31.4779
30.7586
29.232
30.7715
29.7135
30.946
30.7778
29.881
30.5275
30.6939
31.8552
29.4743
28.5756
29.6448
29.4733
30.8312
29.6062
29.4936
29.5258
29.0536
29.7667
31.2701
31.0541
29.9658
29.9521
30.4826
30.5257
30.9036
29.7533
31.4329
30.6739
29.6172
30.1455
30.9814
31.0876
30.8483
31.224
30.4928
28.531
30.0501
29.0411
29.9148
30.5942
29.6501
29.033
30.2313
29.8395
29.4062
29.9264
31.9291
30.2703
30.4279
30.112
29.3396
30.7531
29.6984
30.8185
30.9559
29.1996
29.729
31.365
30.155
30.5288
29.4375
30.0963
31.3214
31.1925
30.2563
29.9254
31.0248
31.0884
30.7174
29.7848
30.2685
30.0996
30.5473
29.3732
30.1926
30.0693
31.0368
30.6595
30.9241
31.0555
31.6468
30.2514
31.049
30.0393
30.6358
30.6261
29.7528
29.41
30.3934
30.0811
32.3122
30.9488
30.6973
29.5718
28.9915
29.012
29.6752
29.3406
30.4091
31.2346
29.8808
