25.4187
26.7613
27.3038
26.9883
25.9375
24.377
25.3234
27.2784
26.2512
25.0852
26.8577
26.2245
26.8697
25.2199
26.5279
26.6422
24.9303
26.9845
25.5963
26.008
26.5467
25.3449
26.1321
26.514
25.142
25.7841
25.1538
26.1327
25.6107
25.5896
25.7293
25.7877
25.5287
26.0527
25.9144
26.1985
26.9217
27.1517
25.1995
26.7368
25.4826
25.2081
24.8395
27.0048
26.9806
26.161
25.1646
25.52
26.3956
26.3631
26.1094
27.2439
26.6828
24.7441
25.0846
27.2124
25.0793
25.026
26.2769
26.6269
24.6357
27.0678
26.7618
25.2819
27.0789
27.0705
26.6079
26.5112
25.4361
24.5138
26.0298
24.8679
25.8435
26.4343
26.1323
27.0921
26.609
25.0742
26.097
25.4656
25.4775
26.7221
26.8732
26.1481
26.2689
25.1255
25.9831
26.6498
25.1324
24.5563
25.7693
27.4029
25.2578
25.7433
25.9031
25.6684
25.5119
24.6789
25.7601
25.4957
25.6209
24.8106
27.1739
25.6191
27.1876
25.2872
25.8554
24.4297
25.5879
24.6705
25.5504
26.588
25.7931
25.9937
26.6687
25.0026
26.3169
26.117
26.381
24.8818
26.166
26.3971
26.0169
25.6447
25.057
27.1558
26.7741
26.503
25.8089
25.6633
25.6685
26.1309
25.4635
25.3797
25.0203
26.7448
25.5944
25.6967
25.0269
25.3781
25.3723
25.3365
25.0493
25.5812
26.0833
26.3412
25.9125
25.4197
24.8571
25.3432
25.1973
26.2422
26.4715
25.6162
25.7424
25.2693
24.6816
24.9779
26.3562
24.8584
26.5422
25.033
25.9929
26.3662
25.5083
25.4103
26.0608
27.3099
25.8306
26.3204
25.4345
27.3939
25.6973
25.5688
24.7067
25.1841
26.1342
26.1253
25.5027
26.3126
25.45
25.6063
25.1167
25.8932
26.2143
25.5669
25.1529
25.5892
25.3329
25.8054
25.7189
26.3738
26.0978
25.8465
26.4354
27.4205
25.0552
26.4546
27.3613
25.304
24.8678
26.0528
26.7422
26.6686
25.6504
26.6706
26.5385
25.3311
25.2484
26.8914
24.7059
26.4869
25.9905
24.7672
26.2516
25.2379
26.2856
26.5713
24.6283
24.9967
25.8311
26.2501
24.6004
25.3612
26.6143
26.3084
26.1886
25.952
25.1757
25.3995
25.0497
24.8829
24.5685
25.9236
27.0349
26.8031
25.3256
25.2113
25.5869
26.9811
26.3645
25.056
26.3756
25.4687
26.5251
26.381
25.6123
26.1664
26.3091
27.3045
25.2637
24.4934
25.4098
25.2628
26.4267
25.3767
25.2802
25.3078
24.9031
25.5143
26.8029
26.6178
25.685
25.6732
26.1279
26.1649
26.4888
25.5028
26.9425
26.2919
25.3862
25.839
26.5555
26.6465
26.4414
26.7634
26.1367
24.4551
25.7572
24.8924
25.6413
26.2236
25.4144
24.8854
25.9125
25.5767
25.2053
25.6512
27.3678
25.946
26.0811
25.8103
25.1482
26.3598
25.4558
26.4159
26.5336
25.0282
25.482
26.8843
25.8471
26.1675
25.2321
25.7968
26.8469
26.7364
25.934
25.6503
26.5927
26.6472
26.3292
25.5298
25.9444
25.7997
26.1834
25.177
25.8794
25.7737
26.603
26.2796
26.5064
26.619
27.1258
25.9298
26.6134
25.748
26.2593
26.2509
25.5024
25.2086
26.0515
25.7838
27.6962
26.5275
26.312
25.3473
24.8499
24.8674
25.4359
25.1491
26.0649
26.7725
25.6121
