15.1302
15.9293
16.2522
16.0644
15.439
14.5101
15.0735
16.2371
15.6257
14.9317
15.9867
15.6098
15.9939
15.0118
15.7904
15.8585
14.8395
16.0622
15.2359
15.481
15.8016
15.0863
15.5548
15.7821
14.9655
15.3477
14.9725
15.5552
15.2445
15.2319
15.3151
15.3498
15.1957
15.5076
15.4253
15.5943
16.0248
16.1617
14.9997
15.9147
15.1682
15.0048
14.7854
16.0743
16.0599
15.572
14.9789
15.1905
15.7117
15.6923
15.5413
16.2166
15.8826
14.7286
14.9313
16.1979
14.9282
14.8964
15.641
15.8493
14.6641
16.1118
15.9296
15.0487
16.1184
16.1134
15.8381
15.7805
15.1406
14.5915
15.4939
14.8023
15.383
15.7347
15.5549
16.1262
15.8387
14.9251
15.5339
15.1581
15.1652
15.906
15.996
15.5643
15.6363
14.9557
15.4661
15.863
14.9597
14.6168
15.3389
16.3112
15.0344
15.3234
15.4185
15.2788
15.1857
14.6898
15.3334
15.176
15.2506
14.7682
16.1749
15.2495
16.1831
15.0519
15.3901
14.5415
15.2309
14.6848
15.2086
15.8262
15.353
15.4724
15.8742
14.8825
15.6648
15.5458
15.703
14.8106
15.575
15.7126
15.4863
15.2647
14.9149
16.1642
15.937
15.7756
15.3624
15.2758
15.2789
15.5541
15.1568
15.107
14.8931
15.9195
15.2347
15.2957
14.897
15.106
15.1026
15.0812
14.9103
15.2269
15.5258
15.6793
15.4241
15.1308
14.7959
15.0853
14.9984
15.6204
15.7568
15.2478
15.3229
15.0413
14.6914
14.8678
15.6882
14.7967
15.7989
14.9006
15.4719
15.6942
15.1835
15.1252
15.5124
16.2559
15.3754
15.6669
15.1396
16.3059
15.296
15.2195
14.7064
14.9905
15.5561
15.5508
15.1802
15.6622
15.1488
15.2418
14.9504
15.4126
15.6038
15.2184
14.9719
15.2317
15.0791
15.3604
15.3089
15.6987
15.5344
15.3848
15.7354
16.3217
14.9138
15.7468
16.2865
15.0619
14.8022
15.5076
15.918
15.8742
15.2681
15.8754
15.7967
15.0781
15.0288
16.0068
14.7059
15.766
15.4706
14.7424
15.626
15.0226
15.6462
15.8162
14.6597
14.879
15.3757
15.6251
14.6431
15.096
15.8418
15.6597
15.5885
15.4476
14.9855
15.1188
14.9105
14.8112
14.6241
15.4307
16.0922
15.9542
15.0747
15.0067
15.2303
16.0602
15.6932
14.9143
15.6997
15.1599
15.7888
15.703
15.2454
15.5753
15.6602
16.2527
15.0379
14.5794
15.1249
15.0374
15.7302
15.1052
15.0478
15.0642
14.8233
15.1871
15.9541
15.8439
15.2887
15.2817
15.5523
15.5743
15.7671
15.1803
16.0372
15.6499
15.1108
15.3804
15.8068
15.861
15.7389
15.9306
15.5576
14.5566
15.3317
14.8169
15.2627
15.6093
15.1276
14.8128
15.4241
15.2242
15.0032
15.2686
16.2904
15.444
15.5244
15.3633
14.9692
15.6904
15.1522
15.7237
15.7938
14.8978
15.1679
16.0026
15.3852
15.5759
15.0191
15.3553
15.9803
15.9145
15.4369
15.2681
15.829
15.8614
15.6721
15.1963
15.4431
15.3569
15.5854
14.9863
15.4044
15.3415
15.8351
15.6426
15.7776
15.8446
16.1463
15.4344
15.8413
15.3262
15.6305
15.6256
15.18
15.0051
15.5068
15.3475
16.4858
15.7902
15.6619
15.0877
14.7916
14.802
15.1404
14.9697
15.5148
15.936
15.2453
