21.7874
22.9382
23.4032
23.1328
22.2321
20.8945
21.7058
23.3815
22.501
21.5016
23.0209
22.4782
23.0312
21.617
22.7382
22.8362
21.3689
23.1296
21.9396
22.2926
22.7544
21.7242
22.3989
22.7263
21.5503
22.1006
21.5604
22.3995
21.9521
21.9339
22.0537
22.1037
21.8818
22.3309
22.2124
22.4558
23.0757
23.2729
21.5996
22.9172
21.8422
21.607
21.291
23.147
23.1263
22.4237
21.5697
21.8743
22.6248
22.5969
22.3795
23.352
22.8709
21.2092
21.5011
23.3249
21.4966
21.4509
22.5231
22.823
21.1163
23.201
22.9387
21.6702
23.2105
23.2032
22.8068
22.7239
21.8024
21.0118
22.3113
21.3154
22.1515
22.658
22.3991
23.2218
22.8077
21.4921
22.3689
21.8277
21.8379
22.9047
23.0342
22.4126
22.5162
21.5362
22.2712
22.8427
21.542
21.0482
22.088
23.4882
21.6495
22.0657
22.2027
22.0015
21.8674
21.1534
22.08
21.8535
21.9608
21.2662
23.2919
21.9593
23.3037
21.6747
22.1617
20.9397
21.9324
21.1461
21.9003
22.7897
22.1083
22.2803
22.8589
21.4308
22.5573
22.386
22.6123
21.3273
22.428
22.6261
22.3002
21.9812
21.4775
23.2764
22.9493
22.7169
22.1219
21.9971
22.0016
22.3979
21.8258
21.7541
21.446
22.9241
21.938
22.0258
21.4517
21.7527
21.7477
21.717
21.4708
21.9267
22.3571
22.5782
22.2107
21.7883
21.306
21.7228
21.5977
22.4933
22.6898
21.9568
22.0649
21.6594
21.1557
21.4096
22.591
21.3072
22.7505
21.4569
22.2796
22.5996
21.8643
21.7803
22.3379
23.4084
22.1405
22.5603
21.801
23.4804
22.0263
21.9161
21.1772
21.5863
22.4007
22.3931
21.8594
22.5536
21.8143
21.9482
21.5286
22.1941
22.4694
21.9144
21.5596
21.9336
21.7139
22.1189
22.0448
22.6061
22.3695
22.1542
22.6589
23.5033
21.4759
22.6754
23.4525
21.6891
21.3152
22.3309
22.9219
22.8588
21.9861
22.8605
22.7473
21.7124
21.6415
23.0498
21.1764
22.7031
22.2776
21.2291
22.5014
21.6325
22.5305
22.7754
21.11
21.4257
22.141
22.5001
21.0861
21.7382
22.8122
22.55
22.4474
22.2445
21.5791
21.771
21.4711
21.3282
21.0587
22.2202
23.1728
22.9741
21.7076
21.6097
21.9316
23.1266
22.5982
21.4766
22.6076
21.8303
22.7358
22.6123
21.9534
22.4284
22.5506
23.4038
21.6546
20.9943
21.7799
21.6539
22.6515
21.7515
21.6688
21.6924
21.3455
21.8694
22.974
22.8153
22.0157
22.0056
22.3954
22.427
22.7047
21.8596
23.0936
22.5359
21.7596
22.1477
22.7618
22.8399
22.6641
22.9401
22.4029
20.9616
22.0776
21.3363
21.9782
22.4774
21.7837
21.3304
22.2108
21.9229
21.6046
21.9867
23.4581
22.2394
22.3552
22.1231
21.5556
22.5941
21.8192
22.6422
22.7431
21.4528
21.8417
23.0437
22.1547
22.4293
21.6276
22.1116
23.0116
22.9169
22.2291
21.986
22.7937
22.8405
22.5679
21.8827
22.2381
22.114
22.4429
21.5803
22.1823
22.0917
22.8025
22.5253
22.7197
22.8163
23.2507
22.2255
22.8115
22.0697
22.5079
22.5008
21.8592
21.6073
22.3298
22.1004
23.7396
22.7379
22.5531
21.7262
21.2999
21.3149
21.8022
21.5564
22.3414
22.9479
21.9532
