37.605
42.106
40.0896
40.0475
37.3722
41.4311
39.4966
40.1017
39.6515
40.6211
38.7469
39.1646
38.8797
38.4456
41.1473
39.0596
38.7371
40.4933
40.3581
41.8043
41.0433
40.424
41.416
38.6765
40.0658
40.8182
41.5382
38.3138
39.1438
41.3115
40.0367
38.4993
41.2835
39.9338
39.5007
37.8457
40.1115
40.0684
41.1815
39.6136
40.1134
38.6462
39.1935
39.1049
41.586
38.9909
41.3444
39.964
38.0382
40.4409
39.7499
41.201
40.3918
40.48
40.067
38.8455
40.7316
39.6603
40.4108
39.1936
41.8621
40.3376
39.3518
38.9345
40.1827
39.2391
40.098
39.7533
38.1243
40.0005
41.3577
40.7067
