8.47289
8.92043
9.10126
8.99609
8.64583
8.12566
8.44114
9.0928
8.7504
8.36174
8.95257
8.74151
8.95657
8.40663
8.84263
8.88074
8.31011
8.99483
8.53209
8.66934
8.84891
8.44831
8.71069
8.838
8.38066
8.59469
8.3846
8.71091
8.53691
8.52986
8.57643
8.59589
8.50957
8.68423
8.63814
8.73283
8.97389
9.05057
8.39983
8.91226
8.4942
8.40271
8.27983
9.0016
8.99354
8.72034
8.3882
8.50666
8.79854
8.78769
8.70314
9.08131
8.89426
8.24803
8.36154
9.0708
8.35977
8.342
8.75897
8.87563
8.21189
9.0226
8.9206
8.42729
9.02631
9.02349
8.86931
8.83706
8.47871
8.17126
8.6766
8.28931
8.61449
8.81143
8.71077
9.03069
8.86966
8.35806
8.699
8.48854
8.49251
8.90737
8.95774
8.71603
8.75631
8.37517
8.66103
8.88326
8.37746
8.18543
8.58977
9.13429
8.41926
8.58111
8.63437
8.55614
8.50397
8.22631
8.58669
8.49857
8.54031
8.2702
9.05797
8.53971
9.06254
8.42906
8.61846
8.14323
8.52929
8.22349
8.5168
8.86266
8.59769
8.66457
8.88957
8.3342
8.77229
8.70566
8.79366
8.29394
8.722
8.79903
8.67231
8.54823
8.35234
9.05194
8.92471
8.83434
8.60297
8.55443
8.55617
8.71029
8.48783
8.45991
8.34011
8.91494
8.53146
8.56557
8.34231
8.45937
8.45743
8.44549
8.34977
8.52706
8.69443
8.7804
8.63749
8.47323
8.28569
8.44774
8.39911
8.7474
8.82383
8.53874
8.5808
8.42311
8.2272
8.32597
8.7854
8.28614
8.8474
8.34434
8.66429
8.78874
8.50277
8.47011
8.68694
9.10329
8.6102
8.77346
8.47817
9.13129
8.56577
8.52294
8.23557
8.39469
8.7114
8.70843
8.50089
8.77086
8.48334
8.53543
8.37223
8.63106
8.73811
8.52229
8.38429
8.52974
8.44429
8.6018
8.57297
8.79126
8.69926
8.61551
8.8118
9.14017
8.35174
8.8182
9.12043
8.43466
8.28926
8.68426
8.91406
8.88954
8.55014
8.8902
8.84617
8.44371
8.41614
8.9638
8.23529
8.82897
8.66351
8.25574
8.75054
8.41263
8.76186
8.85709
8.20943
8.33223
8.61037
8.75003
8.20014
8.45374
8.87143
8.76946
8.72954
8.65066
8.39189
8.46651
8.34989
8.29429
8.18949
8.6412
9.01163
8.93437
8.44186
8.40377
8.52897
8.99369
8.78817
8.352
8.79186
8.48957
8.84171
8.79366
8.53743
8.72214
8.76969
9.10149
8.42123
8.16446
8.46994
8.42094
8.80891
8.45891
8.42674
8.43594
8.30103
8.50477
8.93431
8.8726
8.56166
8.55774
8.70931
8.72163
8.8296
8.50094
8.98083
8.76397
8.46206
8.613
8.85183
8.88217
8.8138
8.92114
8.71223
8.15171
8.58574
8.29746
8.54709
8.7412
8.47146
8.29514
8.63751
8.52557
8.40177
8.5504
9.1226
8.64866
8.69369
8.60343
8.38274
8.7866
8.48526
8.80529
8.84454
8.34274
8.494
8.96143
8.61571
8.72251
8.41071
8.59894
8.94897
8.91214
8.64466
8.55011
8.86423
8.8824
8.7764
8.50994
8.64814
8.59989
8.7278
8.39234
8.62646
8.59123
8.86766
8.75986
8.83546
8.873
9.04194
8.64326
8.87114
8.58266
8.75309
8.75031
8.5008
8.40286
8.68383
8.5946
9.23206
8.84251
8.77066
8.44909
8.28329
8.28914
8.47863
8.38303
8.68831
8.92417
8.53737
