4.23644
4.46021
4.55063
4.49804
4.32291
4.06283
4.22057
4.5464
4.3752
4.18087
4.47629
4.37076
4.47829
4.20331
4.42131
4.44037
4.15506
4.49741
4.26604
4.33467
4.42446
4.22416
4.35534
4.419
4.19033
4.29734
4.1923
4.35546
4.26846
4.26493
4.28821
4.29794
4.25479
4.34211
4.31907
4.36641
4.48694
4.52529
4.19991
4.45613
4.2471
4.20136
4.13991
4.5008
4.49677
4.36017
4.1941
4.25333
4.39927
4.39384
4.35157
4.54066
4.44713
4.12401
4.18077
4.5354
4.17989
4.171
4.37949
4.43781
4.10594
4.5113
4.4603
4.21364
4.51316
4.51174
4.43466
4.41853
4.23936
4.08563
4.3383
4.14466
4.30724
4.40571
4.35539
4.51534
4.43483
4.17903
4.3495
4.24427
4.24626
4.45369
4.47887
4.35801
4.37816
4.18759
4.33051
4.44163
4.18873
4.09271
4.29489
4.56714
4.20963
4.29056
4.31719
4.27807
4.25199
4.11316
4.29334
4.24929
4.27016
4.1351
4.52899
4.26986
4.53127
4.21453
4.30923
4.07161
4.26464
4.11174
4.2584
4.43133
4.29884
4.33229
4.44479
4.1671
4.38614
4.35283
4.39683
4.14697
4.361
4.39951
4.33616
4.27411
4.17617
4.52597
4.46236
4.41717
4.30149
4.27721
4.27809
4.35514
4.24391
4.22996
4.17006
4.45747
4.26573
4.28279
4.17116
4.22969
4.22871
4.22274
4.17489
4.26353
4.34721
4.3902
4.31874
4.23661
4.14284
4.22387
4.19956
4.3737
4.41191
4.26937
4.2904
4.21156
4.1136
4.16299
4.3927
4.14307
4.4237
4.17217
4.33214
4.39437
4.25139
4.23506
4.34347
4.55164
4.3051
4.38673
4.23909
4.56564
4.28289
4.26147
4.11779
4.19734
4.3557
4.35421
4.25044
4.38543
4.24167
4.26771
4.18611
4.31553
4.36906
4.26114
4.19214
4.26487
4.22214
4.3009
4.28649
4.39563
4.34963
4.30776
4.4059
4.57009
4.17587
4.4091
4.56021
4.21733
4.14463
4.34213
4.45703
4.44477
4.27507
4.4451
4.42309
4.22186
4.20807
4.4819
4.11764
4.41449
4.33176
4.12787
4.37527
4.20631
4.38093
4.42854
4.10471
4.16611
4.30519
4.37501
4.10007
4.22687
4.43571
4.38473
4.36477
4.32533
4.19594
4.23326
4.17494
4.14714
4.09474
4.3206
4.50581
4.46719
4.22093
4.20189
4.26449
4.49684
4.39409
4.176
4.39593
4.24479
4.42086
4.39683
4.26871
4.36107
4.38484
4.55074
4.21061
4.08223
4.23497
4.21047
4.40446
4.22946
4.21337
4.21797
4.15051
4.25239
4.46716
4.4363
4.28083
4.27887
4.35466
4.36081
4.4148
4.25047
4.49041
4.38199
4.23103
4.3065
4.42591
4.44109
4.4069
4.46057
4.35611
4.07586
4.29287
4.14873
4.27354
4.3706
4.23573
4.14757
4.31876
4.26279
4.20089
4.2752
4.5613
4.32433
4.34684
4.30171
4.19137
4.3933
4.24263
4.40264
4.42227
4.17137
4.247
4.48071
4.30786
4.36126
4.20536
4.29947
4.47449
4.45607
4.32233
4.27506
4.43211
4.4412
4.3882
4.25497
4.32407
4.29994
4.3639
4.19617
4.31323
4.29561
4.43383
4.37993
4.41773
4.4365
4.52097
4.32163
4.43557
4.29133
4.37654
4.37516
4.2504
4.20143
4.34191
4.2973
4.61603
4.42126
4.38533
4.22454
4.14164
4.14457
4.23931
4.19151
4.34416
4.46209
4.26869
