2.74203
3.07023
2.9232
2.92013
2.72506
3.02102
2.87996
2.92409
2.89126
2.96195
2.8253
2.85575
2.83498
2.80332
3.00032
2.8481
2.82458
2.95264
2.94278
3.04823
2.99274
2.94758
3.01991
2.82016
2.92147
2.97632
3.02883
2.79371
2.85424
3.0123
2.91934
2.80724
3.01026
2.91184
2.88026
2.75958
2.9248
2.92166
3.00282
2.8885
2.92493
2.81795
2.85786
2.8514
3.03231
2.84309
3.0147
2.91404
2.77362
2.94882
2.89843
3.00424
2.94524
2.95167
2.92155
2.83249
2.97001
2.8919
2.94662
2.85787
3.05245
2.94129
2.8694
2.83897
2.92999
2.86118
2.92381
2.89868
2.7799
2.9167
3.01567
2.9682
