11.96900   11.96900
13.19200   13.19200
13.43529   13.43529
13.19108   13.19108
12.46622   12.46622
11.24958   11.24958
11.65774   11.65774
13.67641   13.67641
12.86610   12.86610
11.66751   11.66751
13.34104   13.34104
12.75957   12.75957
13.14025   13.14025
12.05256   12.05256
12.48610   12.48610
13.07819   13.07819
11.75064   11.75064
13.00482   13.00482
12.12016   12.12016
12.64631   12.64631
12.91083   12.91083
12.24278   12.24278
12.75126   12.75126
13.00603   13.00603
11.99430   11.99430
12.35786   12.35786
12.04361   12.04361
12.46470   12.46470
12.23623   12.23623
11.95932   11.95932
12.51069   12.51069
12.37452   12.37452
12.19700   12.19700
12.17990   12.17990
12.55656   12.55656
12.55031   12.55031
13.33294   13.33294
13.19358   13.19358
11.40757   11.40757
13.20165   13.20165
12.41189   12.41189
12.05593   12.05593
11.75416   11.75416
13.39069   13.39069
13.32197   13.32197
12.74155   12.74155
11.65304   11.65304
12.23491   12.23491
12.95239   12.95239
12.86219   12.86219
12.75320   12.75320
13.51479   13.51479
13.12632   13.12632
11.32782   11.32782
11.97710   11.97710
13.71589   13.71589
12.00954   12.00954
11.64842   11.64842
12.74511   12.74511
12.59542   12.59542
11.53328   11.53328
13.29384   13.29384
13.28438   13.28438
11.55250   11.55250
13.61401   13.61401
13.57186   13.57186
12.80183   12.80183
13.05175   13.05175
12.16412   12.16412
11.42448   11.42448
12.53597   12.53597
11.36650   11.36650
12.50100   12.50100
12.86347   12.86347
12.72523   12.72523
13.10440   13.10440
13.12310   13.12310
12.00855   12.00855
12.75390   12.75390
12.07929   12.07929
12.03814   12.03814
13.04865   13.04865
13.24605   13.24605
12.31503   12.31503
12.76214   12.76214
11.85799   11.85799
12.22551   12.22551
13.27402   13.27402
12.06766   12.06766
11.33423   11.33423
12.54245   12.54245
13.49387   13.49387
11.51185   11.51185
12.58621   12.58621
12.64662   12.64662
12.30359   12.30359
12.29792   12.29792
11.51510   11.51510
12.39847   12.39847
11.74309   11.74309
12.30251   12.30251
11.23234   11.23234
13.06630   13.06630
12.32100   12.32100
13.13545   13.13545
11.68715   11.68715
12.05095   12.05095
11.20627   11.20627
12.21518   12.21518
11.43400   11.43400
12.17822   12.17822
13.13760   13.13760
12.32848   12.32848
12.47195   12.47195
13.03396   13.03396
11.65391   11.65391
12.81168   12.81168
12.54044   12.54044
12.61814   12.61814
11.55020   11.55020
12.65423   12.65423
12.76726   12.76726
12.52455   12.52455
12.32600   12.32600
11.61497   11.61497
13.39450   13.39450
13.18715   13.18715
12.90588   12.90588
12.31910   12.31910
11.81473   11.81473
12.09607   12.09607
12.45853   12.45853
12.05166   12.05166
12.00265   12.00265
11.83385   11.83385
13.10628   13.10628
12.17383   12.17383
12.34306   12.34306
11.70705   11.70705
12.14459   12.14459
11.79137   11.79137
12.07633   12.07633
11.75756   11.75756
11.99352   11.99352
12.52129   12.52129
12.92800   12.92800
12.43301   12.43301
11.74978   11.74978
11.89777   11.89777
11.67221   11.67221
11.99962   11.99962
12.66925   12.66925
13.05811   13.05811
12.40174   12.40174
12.35094   12.35094
11.92762   11.92762
11.58386   11.58386
11.77055   11.77055
12.73509   12.73509
11.81071   11.81071
12.91682   12.91682
11.83403   11.83403
12.12253   12.12253
12.84112   12.84112
12.19252   12.19252
12.19257   12.19257
12.69300   12.69300
13.80369   13.80369
12.37959   12.37959
12.82392   12.82392
12.12123   12.12123
13.24710   13.24710
12.24408   12.24408
12.26979   12.26979
11.44678   11.44678
12.05403   12.05403
12.77716   12.77716
12.69753   12.69753
12.23700   12.23700
12.98975   12.98975
12.37673   12.37673
12.34524   12.34524
11.86589   11.86589
12.65002   12.65002
12.69875   12.69875
12.19094   12.19094
12.01946   12.01946
12.14415   12.14415
12.11713   12.11713
12.36537   12.36537
12.38417   12.38417
12.52880   12.52880
12.70971   12.70971
12.46866   12.46866
12.60193   12.60193
13.58963   13.58963
11.98059   11.98059
13.08035   13.08035
13.64138   13.64138
12.02707   12.02707
11.54515   11.54515
12.52939   12.52939
12.97120   12.97120
13.02486   13.02486
12.07682   12.07682
12.88741   12.88741
13.05477   13.05477
11.95038   11.95038
11.97405   11.97405
13.37594   13.37594
11.43290   11.43290
12.80194   12.80194
12.69822   12.69822
11.69856   11.69856
12.76388   12.76388
11.46510   11.46510
12.49311   12.49311
12.82941   12.82941
11.51942   11.51942
11.53320   11.53320
12.49006   12.49006
12.90186   12.90186
11.39927   11.39927
12.13663   12.13663
12.81557   12.81557
12.44801   12.44801
12.70506   12.70506
12.19594   12.19594
11.95500   11.95500
12.09147   12.09147
11.54752   11.54752
11.79860   11.79860
11.34114   11.34114
12.56764   12.56764
13.34600   13.34600
13.21814   13.21814
11.66580   11.66580
12.02232   12.02232
12.46358   12.46358
13.41975   13.41975
12.45076   12.45076
11.93688   11.93688
12.68931   12.68931
12.24010   12.24010
12.99124   12.99124
12.81208   12.81208
12.29801   12.29801
12.62364   12.62364
12.98554   12.98554
13.60867   13.60867
11.62788   11.62788
11.06597   11.06597
12.10279   12.10279
12.11437   12.11437
12.78508   12.78508
12.33624   12.33624
11.61634   11.61634
11.90637   11.90637
11.39379   11.39379
11.87783   11.87783
13.20565   13.20565
12.91665   12.91665
12.46456   12.46456
12.16815   12.16815
12.70931   12.70931
12.54695   12.54695
12.89589   12.89589
12.18236   12.18236
12.83281   12.83281
12.50551   12.50551
11.86812   11.86812
12.35378   12.35378
13.07685   13.07685
13.10735   13.10735
12.90795   12.90795
13.02668   13.02668
12.64539   12.64539
10.97828   10.97828
12.36158   12.36158
11.87664   11.87664
12.22783   12.22783
12.82572   12.82572
11.79825   11.79825
11.39999   11.39999
12.37432   12.37432
12.23897   12.23897
11.84151   11.84151
12.15104   12.15104
13.60341   13.60341
12.49774   12.49774
12.34034   12.34034
12.34556   12.34556
11.66541   11.66541
12.77910   12.77910
12.17095   12.17095
13.08249   13.08249
12.89271   12.89271
11.25960   11.25960
12.16541   12.16541
13.30008   13.30008
12.53140   12.53140
12.64338   12.64338
11.91800   11.91800
11.93664   11.93664
13.23308   13.23308
13.04159   13.04159
12.57890   12.57890
12.21369   12.21369
13.13375   13.13375
12.99364   12.99364
12.93893   12.93893
11.79524   11.79524
12.36934   12.36934
12.52400   12.52400
12.92400   12.92400
12.10086   12.10086
12.43254   12.43254
12.34662   12.34662
13.06084   13.06084
12.58255   12.58255
12.96024   12.96024
13.23666   13.23666
13.19009   13.19009
12.15213   12.15213
13.07402   13.07402
12.31594   12.31594
12.29790   12.29790
12.82951   12.82951
12.13067   12.13067
12.25761   12.25761
12.76374   12.76374
12.20243   12.20243
13.83675   13.83675
12.66636   12.66636
12.91733   12.91733
11.74355   11.74355
11.74236   11.74236
11.44497   11.44497
12.23359   12.23359
12.02381   12.02381
12.66752   12.66752
13.13751   13.13751
12.23764   12.23764
