7.7691 3.22804
8.28417 3.12212
8.48424 2.92071
8.38197 2.99847
8.02415 3.08063
7.39358 3.28003
7.80008 3.1218
8.48892 2.9282
8.0765 3.03132
7.70893 3.22518
8.28973 2.96905
8.1547 2.98836
8.36004 3.05015
7.73577 3.23494
8.23237 3.09326
8.2836 3.06641
7.58486 3.26854
8.354 3.06577
7.916 3.08505
8.00725 3.07405
8.23449 2.9711
7.80847 3.16905
8.0509 3.10161
8.14178 3.08342
7.74208 3.18999
7.94562 3.08754
7.652 3.35041
8.06697 3.04451
7.83188 3.19809
7.89487 3.10645
7.951 3.10576
7.93132 3.1355
7.814 3.18685
8.05651 3.056
8.02281 3.06374
8.08882 3.07316
8.31652 3.01125
8.34831 2.92061
7.76882 3.24136
8.29599 3.08224
7.90745 3.19636
7.81704 3.13899
7.66451 3.28958
8.37509 3.04928
8.34254 2.98358
8.02067 3.07384
7.74938 3.21699
7.85851 3.10175
8.20314 2.98898
8.12481 3.04773
8.00347 3.12661
8.54392 3.00341
8.21897 3.03844
7.58808 3.38519
7.7797 3.18061
8.44744 2.92026
7.6968 3.22807
7.69 3.23492
8.13222 3.11359
8.26704 2.96527
7.5594 3.31145
8.43344 2.93441
8.301 2.95007
7.76798 3.32396
8.41939 3.05769
8.45975 2.99527
8.23896 3.04658
8.18655 2.94487
7.84365 3.24661
7.49068 3.39274
7.96944 3.14347
7.654 3.23503
7.93145 3.15145
8.1676 3.06869
8.10899 3.11955
8.43772 2.96112
8.23051 3.00147
7.73523 3.25429
8.05017 3.05505
7.86024 3.16654
7.92039 3.16
8.30952 3.06852
8.32349 3.04887
8.0883 3.1231
8.11526 3.02621
7.76793 3.25601
8.01579 3.10424
8.24465 2.99348
7.6964 3.25811
7.54333 3.41604
7.97346 3.04767
8.48815 2.85463
7.80538 3.22031
7.91221 3.16197
7.96591 3.17897
7.89865 3.14624
7.861 3.25462
7.58211 3.24423
7.95975 3.08915
7.79619 3.29958
7.78566 3.23653
7.57315 3.31174
8.4704 2.92197
7.85123 3.19154
8.42404 2.96318
7.6914 3.24878
7.9765 3.1214
7.44698 3.35077
7.89801 3.10858
7.53709 3.38056
7.90853 3.13921
8.25517 2.94066
7.9977 3.14197
8.05345 3.00278
8.25625 3.03486
7.649 3.23111
8.09205 3.03423
8.02456 3.06123
8.11761 3.02577
7.54962 3.39908
8.12781 3.09462
8.19586 3.05011
8.076 3.05735
7.8666 3.16182
7.60726 3.30263
8.43327 2.95867
8.30228 3.0316
8.18531 3.0744
7.93155 3.21335
7.93807 3.12856
7.87539 3.17983
8.08176 3.13742
7.85343 3.13843
7.80752 3.16986
7.65433 3.34202
8.23167 3.04781
7.87596 3.16033
7.96351 3.28535
7.74293 3.21252
7.80802 3.29307
7.794 3.26052
7.79303 3.17476
7.6303 3.31763
7.85282 3.19665
8.01062 3.13889
8.15625 3.05193
8.06003 3.1169
7.828 3.20766
7.69732 3.23581
7.7168 3.31291
7.73871 3.26113
8.05836 3.15595
8.11645 3.07974
7.92024 3.19438
7.90662 3.12864
7.72044 3.26368
7.50464 3.34049
7.56678 3.22684
8.12769 3.10649
7.695 3.2752
8.26838 2.98528
7.63359 3.32586
7.9947 3.11656
8.15631 3.11438
7.85861 3.10271
7.81033 3.18
8.04986 3.07893
8.49338 2.96663
7.97506 3.18776
8.1438 3.01083
7.81735 3.24488
8.49837 2.95098
7.8692 3.18312
7.88786 3.20853
7.59301 3.25555
7.73139 3.20423
8.07038 3.01433
8.07836 3.15054
7.89003 3.24952
8.10129 3.059
7.83585 3.17853
7.93739 3.17758
7.67827 3.26583
7.95385 3.23335
8.04311 3.06579
7.86062 3.21327
7.71951 3.28271
7.82043 3.206
7.74504 3.18518
7.95376 3.16797
7.912 3.0977
8.16439 3.02462
8.05282 3.14802
8.00022 3.06239
8.19219 3.01563
8.4742 2.92804
7.73998 3.16259
8.17931 3.02978
8.50847 2.95596
7.77087 3.23977
7.57335 3.26127
8.05842 3.10348
8.24759 3.03595
8.28891 3.0493
7.85085 3.12578
8.268 2.97834
8.2177 3.01662
7.69203 3.26346
7.70874 3.30362
8.38183 2.96632
7.57245 3.34928
8.20158 3.03339
7.91479 3.19142
7.54399 3.2644
8.12033 3.07574
7.72532 3.31751
8.11545 3.0896
8.16226 2.98918
7.50331 3.42226
7.60775 3.2711
7.93271 3.14693
8.10325 3.1203
7.53307 3.2831
7.83116 3.17903
8.22867 2.98351
8.138 3.08869
8.117 3.10835
8.05313 3.07989
7.7287 3.23554
7.75991 3.20302
7.63424 3.20753
7.63216 3.29862
7.47042 3.38526
8.06875 3.07549
8.42003 2.88816
8.33169 3.01572
7.71322 3.25636
7.60912 3.34786
7.87599 3.15023
8.36099 3.00668
8.08667 3.10496
7.7267 3.18064
8.13716 3.10489
7.8628 3.17647
8.23401 3.04821
8.19998 3.05779
7.8619 3.13659
8.03694 3.05596
8.13266 3.1154
8.46368 2.99188
7.78085 3.23467
7.50966 3.32155
7.81717 3.20383
7.79305 3.15838
8.19822 3.12241
7.83588 3.20776
7.68149 3.30936
7.75751 3.2211
7.6518 3.30416
7.83536 3.16539
8.29202 3.00543
8.2674 2.98873
7.91567 3.14287
7.90811 3.15399
8.01077 3.09481
8.13169 3.09175
8.21891 3.04762
7.76811 3.23052
8.357 2.98495
8.14308 2.94602
7.79851 3.29765
7.9733 3.14653
8.30945 2.96864
8.26923 3.04144
8.11349 3.08982
8.27917 3.00122
8.04226 3.09921
7.44664 3.29932
7.91464 3.23093
7.62746 3.24515
7.90602 3.16079
8.05694 3.06647
7.81142 3.21537
7.63395 3.24979
8.02268 3.14191
7.8302 3.18263
7.78516 3.29055
7.8818 3.12373
8.4185 2.98789
8.00951 3.10215
7.96626 3.11318
7.90635 3.1308
7.70295 3.27167
8.13797 3.08698
7.83425 3.134
8.20095 3.04386
8.1532 3.06306
7.6488 3.28083
7.86491 3.1555
8.3225 3.00961
8.03319 3.03648
8.04973 3.1102
7.72718 3.22743
7.95738 3.1207
8.359 2.98091
8.25329 2.95544
7.97777 3.15987
7.92291 3.21869
8.22559 3.04456
8.21764 3.14992
8.11801 3.04227
7.90882 3.22298
8.03154 3.04231
7.94415 3.10504
8.0834 3.15508
7.76491 3.22797
8.04067 3.104
7.94899 3.08604
8.22892 3.04476
8.15459 3.11004
8.15935 3.0231
8.20349 3.078
8.36518 2.92273
7.983 3.20704
8.31017 3.00632
7.98619 3.17374
8.06505 3.10607
8.03721 3.19132
7.86271 3.1297
7.74839 3.239
8.02717 3.09343
7.956 3.07514
8.60872 3.01206
8.16959 3.10145
8.12515 3.17948
7.87105 3.20015
7.59835 3.31301
7.57926 3.27777
7.81745 3.35408
7.71939 3.30301
8.03426 3.0777
8.26519 3.076
7.8669 3.11569
2.55861 1.37595
2.76886 1.27008
2.91088 1.21635
2.75976 1.29298
2.65283 1.33309
2.43604 1.45024
2.6743 1.31521
2.71528 1.28464
2.87134 1.25781
2.40135 1.44668
2.75349 1.27663
2.61066 1.344
2.54217 1.40827
2.58481 1.34786
2.59705 1.35752
2.80892 1.25596
2.5313 1.40685
2.70408 1.29119
2.65801 1.34631
2.64713 1.33905
2.71055 1.25756
2.39986 1.45941
2.69324 1.33062
2.67918 1.31529
2.65367 1.33307
2.61804 1.33701
2.541 1.37882
2.60169 1.34252
2.5672 1.36966
2.533 1.45177
2.57688 1.39618
2.83558 1.25551
2.5693 1.36415
2.60828 1.32661
2.40956 1.44608
2.68629 1.31434
2.74192 1.26205
2.768 1.30345
2.58186 1.37561
2.88577 1.25924
2.51382 1.39152
2.61674 1.34075
2.1994 1.64142
2.5991 1.31321
2.66222 1.28494
2.69008 1.30203
2.565 1.3618
2.65502 1.33809
2.66905 1.29848
2.88219 1.205
2.61861 1.39639
2.79851 1.23426
2.66281 1.37074
2.32879 1.47328
2.64017 1.38049
2.60756 1.35452
2.45982 1.41024
2.52268 1.39435
2.73291 1.29443
2.92075 1.16788
2.53327 1.37019
2.74936 1.35991
2.73871 1.29994
2.49752 1.41615
2.58824 1.40217
2.56799 1.34903
2.83125 1.27768
2.70059 1.30503
2.85103 1.24349
2.43514 1.41285
2.61966 1.33837
2.45948 1.44768
2.56115 1.32591
2.68638 1.32638
2.58312 1.37823
2.65704 1.31375
2.72457 1.29282
2.47181 1.4165
2.72981 1.29306
2.30338 1.53171
2.85727 1.23136
2.87881 1.23887
2.80707 1.24552
2.74585 1.30859
2.7137 1.28171
2.50838 1.38343
2.647 1.34499
2.5992 1.32256
2.4528 1.43897
2.53619 1.39024
2.68336 1.3207
2.8428 1.27377
2.69578 1.32868
2.62174 1.36026
2.71793 1.28096
2.37546 1.4628
2.55017 1.39058
2.47584 1.40912
2.70414 1.30209
2.70702 1.31701
2.61446 1.32517
2.78072 1.24573
2.70098 1.29127
2.54689 1.36895
2.98762 1.14585
2.6021 1.33091
2.43672 1.3968
2.5459 1.39286
2.51375 1.38835
2.44408 1.45627
2.56891 1.36336
2.69998 1.2815
2.65266 1.35477
2.61406 1.29719
2.58348 1.34411
2.59012 1.39206
2.58685 1.34282
2.75892 1.26289
2.65068 1.31795
2.47942 1.42067
2.54153 1.3674
2.88328 1.22958
2.61311 1.32708
2.608 1.31111
2.31132 1.52561
2.93138 1.22571
2.707 1.29278
2.61564 1.35412
2.61416 1.32545
2.57531 1.37588
2.64145 1.30737
2.48695 1.36251
2.539 1.35949
2.43913 1.38084
2.57177 1.31257
2.54933 1.4128
2.56066 1.31711
2.65612 1.33473
2.52897 1.36631
2.71438 1.26561
2.35954 1.47981
2.28333 1.52662
2.41618 1.46073
2.5498 1.34971
2.61494 1.3278
2.60476 1.33993
2.36549 1.43794
2.82021 1.2617
2.49661 1.37759
2.54902 1.37741
2.53274 1.39257
2.54586 1.34004
2.83788 1.24894
2.60899 1.34662
2.5275 1.37032
2.61481 1.37627
2.58018 1.32235
2.50705 1.41676
2.71134 1.24597
2.5381 1.3999
2.82144 1.24664
2.55301 1.33486
2.63748 1.32917
2.68183 1.30528
2.61043 1.36145
2.58584 1.31433
2.22462 1.58443
2.78395 1.2698
2.67909 1.27542
2.69466 1.29496
2.61296 1.322
2.80388 1.28947
2.58932 1.35784
2.75828 1.31015
2.51523 1.37255
2.52047 1.40367
2.96462 1.18645
2.62333 1.35374
2.56449 1.3578
2.65298 1.34366
2.50071 1.35185
2.41685 1.41822
2.52042 1.39922
2.7353 1.33862
2.91753 1.17828
2.61582 1.34976
2.61674 1.31006
2.61032 1.34651
2.57315 1.40014
2.36292 1.52936
2.6176 1.28094
2.58006 1.35201
2.73299 1.29756
2.51828 1.40537
2.67429 1.37257
2.78164 1.24483
2.50401 1.37873
2.52813 1.35276
2.76628 1.26585
2.5514 1.34004
2.22 1.59188
2.77516 1.25598
2.67917 1.28524
2.71157 1.27324
2.82563 1.2602
2.85504 1.26755
2.88748 1.23877
2.79973 1.2963
2.44886 1.42388
2.73371 1.30356
2.44316 1.38858
2.75618 1.28549
2.647 1.34898
2.51616 1.41176
2.71676 1.31193
2.5574 1.35699
2.50394 1.39003
2.73751 1.244
2.28727 1.52942
2.54315 1.36682
2.56479 1.35387
2.53571 1.38393
2.61269 1.35846
2.56493 1.35325
2.734 1.29798
2.67063 1.31211
3.04074 1.18838
2.75882 1.32172
2.66196 1.30274
2.60471 1.3353
2.79621 1.27518
2.33234 1.53573
2.38516 1.43794
2.63533 1.28496
2.75816 1.2874
3.08293 1.1822
2.35757 1.4677
2.38019 1.43641
2.36864 1.47781
2.72754 1.28973
2.89078 1.26049
2.48909 1.41263
2.7152 1.31542
2.829 1.24674
2.59052 1.32206
2.82693 1.24202
2.47017 1.40772
2.74477 1.28705
2.7167 1.28855
2.88174 1.2506
2.54939 1.42417
2.64087 1.34345
2.55143 1.36526
2.61235 1.37925
2.73948 1.27325
2.67061 1.34745
2.3253 1.4935
2.51754 1.37137
2.65095 1.33112
2.61248 1.31455
2.60739 1.33184
2.68771 1.30561
2.50822 1.43669
2.68808 1.30008
2.785 1.28632
2.68531 1.26957
2.7032 1.30059
2.48181 1.36417
2.93511 1.20874
2.71228 1.28909
2.45438 1.44987
2.23926 1.53939
2.82463 1.24262
2.69436 1.32078
2.6852 1.28545
2.81723 1.31652
2.77725 1.26903
2.56451 1.36894
2.617 1.33981
2.50479 1.42988
2.606 1.33309
2.66294 1.28928
2.67438 1.35266
2.43485 1.44134
2.47011 1.44897
2.54692 1.36888
2.4404 1.45694
2.6 1.40387
2.78423 1.23464
2.61484 1.37558
2.947 1.22281
2.49923 1.43604
2.40993 1.41923
2.86143 1.22571
2.66517 1.34189
2.71115 1.25073
2.56964 1.34083
2.4524 1.45172
2.42475 1.42015
2.60652 1.32861
2.92187 1.21801
2.69809 1.2918
2.64138 1.3532
2.62301 1.36574
2.90343 1.25477
2.79237 1.2495
2.41623 1.44394
2.86222 1.25436
2.65036 1.35516
2.68408 1.32603
2.64961 1.3137
2.62832 1.29511
2.56742 1.31711
2.83277 1.29193
2.659 1.32067
2.4743 1.40393
2.68556 1.31815
2.68078 1.32923
2.69745 1.26779
2.68672 1.30671
2.76387 1.30062
2.5989 1.3389
2.82384 1.20113
2.72276 1.31429
2.59926 1.33758
2.5766 1.3462
2.64348 1.33016
2.50325 1.38014
2.57727 1.3827
2.55869 1.36329
2.71942 1.31711
2.58697 1.33028
2.79862 1.25856
2.72445 1.32527
2.69675 1.31474
2.52866 1.37743
2.56693 1.33998
2.57579 1.31125
2.67113 1.318
2.56615 1.38624
2.70464 1.26067
2.70363 1.28277
2.62777 1.27232
4.095 0.70361
4.28392 0.70401
4.39483 0.62923
4.372 0.6604
4.151 0.6831
3.9012 0.68222
4.066 0.69165
4.401 0.61248
4.198 0.63727
4.02167 0.737
4.30044 0.67659
4.21838 0.68077
4.329 0.6555
4.044 0.67528
4.276 0.66771
4.279 0.68327
3.96823 0.7126
4.32848 0.67409
4.098 0.74217
4.17367 0.69851
4.267 0.67516
4.088 0.67923
4.20045 0.71209
4.27 0.68575
4.02934 0.65482
4.149 0.71669
4.028 0.64649
4.21103 0.72536
4.09358 0.68802
4.111 0.66021
4.10453 0.72114
4.139 0.69098
4.11262 0.72241
4.178 0.66022
4.15348 0.69252
4.21074 0.64539
4.318 0.68668
4.35723 0.67192
4.023 0.6831
4.321 0.65493
4.09116 0.68492
4.025 0.69804
3.993 0.67792
4.33 0.65959
4.338 0.67942
4.18931 0.69326
4.01258 0.68969
4.08883 0.70296
4.25529 0.66501
4.254 0.6862
4.182 0.69385
4.38427 0.63814
4.295 0.66128
3.84863 0.75392
4.061 0.68542
4.361 0.67302
4.015 0.72232
4.00513 0.70892
4.209 0.66005
4.28195 0.66498
3.81197 0.71965
4.345 0.68408
4.29922 0.67658
4.05851 0.70807
4.341 0.66787
4.36562 0.59099
4.27494 0.69399
4.275 0.65647
4.08 0.68056
3.85698 0.68516
4.14107 0.67006
3.979 0.74228
4.14882 0.68587
4.23617 0.6989
4.233 0.67513
4.383 0.65722
4.30006 0.6963
4.01798 0.70126
4.19491 0.65889
4.08811 0.69741
4.08277 0.75549
4.30958 0.62431
4.32631 0.67307
4.198 0.66461
4.22 0.69538
4.03039 0.71601
4.191 0.67944
4.2988 0.6154
4.02764 0.71438
3.74837 0.75645
4.14498 0.68576
4.424 0.64476
4.05831 0.6664
4.158 0.66517
4.139 0.70811
4.131 0.67377
4.083 0.64349
3.79874 0.73677
4.1439 0.67626
4.091 0.6769
4.10644 0.72116
3.997 0.71213
4.385 0.63422
4.112 0.67591
4.378 0.64562
4.04403 0.72801
4.15414 0.69847
3.89605 0.7627
4.12529 0.70143
3.94733 0.71655
4.11697 0.70366
4.251 0.68253
4.163 0.64203
4.18692 0.69656
4.335 0.62876
4.008 0.68046
4.21774 0.68216
4.1883 0.68458
4.24745 0.68397
3.96273 0.67166
4.181 0.70964
4.24205 0.68048
4.157 0.71482
4.126 0.68964
4.02235 0.68693
4.398 0.68717
4.309 0.67399
4.258 0.67823
4.14228 0.69594
4.13484 0.65185
4.12655 0.69552
4.21049 0.66024
4.07213 0.71846
4.093 0.68985
4 0.74962
4.309 0.70565
4.111 0.68163
4.142 0.66847
4.0242 0.71725
4.08556 0.67328
4.08087 0.67094
4.10428 0.72382
4.00025 0.72926
4.101 0.68825
4.2067 0.64733
4.219 0.67935
4.182 0.65792
4.084 0.71099
3.96588 0.69792
4.04175 0.68623
4.03632 0.71379
4.2024 0.69154
4.249 0.65715
4.142 0.69534
4.129 0.67929
4.05404 0.68106
3.95916 0.67766
3.989 0.74312
4.23505 0.64491
3.966 0.73162
4.261 0.6626
4.015 0.71175
4.1631 0.71671
4.22765 0.67679
4.10891 0.70527
4.077 0.68692
4.173 0.66911
4.39378 0.65094
4.13531 0.67114
4.1914 0.68772
4.07369 0.7359
4.39194 0.65208
4.145 0.69741
4.10123 0.64683
3.9535 0.72682
4.046 0.70415
4.19081 0.69796
4.178 0.65382
4.10149 0.66605
4.227 0.68348
4.095 0.68322
4.10844 0.68392
4.034 0.6879
4.16216 0.69317
4.18647 0.67958
4.09876 0.67375
4.05426 0.69619
4.12242 0.73492
4.06947 0.65911
4.12259 0.69474
4.12399 0.69423
4.251 0.68611
4.18875 0.6733
4.145 0.66159
4.244 0.69472
4.42303 0.63808
4.015 0.72044
4.26969 0.68689
4.41648 0.64223
4.06018 0.67519
3.94538 0.74406
4.18173 0.68482
4.32321 0.65318
4.29348 0.63957
4.14601 0.6931
4.27969 0.70669
4.28487 0.64481
4.068 0.67481
4.05 0.73829
4.31 0.67653
3.96089 0.73216
4.26169 0.66525
4.1736 0.65998
4.0862 0.71105
4.233 0.68782
4.035 0.74468
4.228 0.70471
4.279 0.66175
4.04826 0.72975
4.028 0.70617
4.151 0.68809
4.21904 0.61164
3.937 0.70854
4.07592 0.67827
4.285 0.65221
4.22324 0.70382
4.23734 0.68294
4.15374 0.63753
4.02586 0.74839
4.05677 0.72278
4.013 0.72887
3.982 0.70369
3.938 0.75511
4.18 0.69761
4.35851 0.68984
4.3387 0.66889
4.04592 0.69954
4.04747 0.6853
4.09594 0.68372
4.3246 0.67035
4.213 0.69119
4.014 0.65264
4.22592 0.68055
4.08848 0.66893
4.26621 0.70146
4.23251 0.66107
4.11035 0.69895
4.21 0.68953
4.225 0.65208
4.37418 0.64392
4.03842 0.6866
3.9611 0.68891
4.078 0.6764
4.03747 0.64404
4.23903 0.71189
4.058 0.72706
4.041 0.75324
4.07199 0.69702
3.9915 0.71296
4.122 0.70649
4.322 0.67879
4.276 0.64489
4.11574 0.69155
4.11718 0.6738
4.202 0.69139
4.20014 0.70638
4.26 0.67674
4.077 0.70135
4.329 0.64258
4.20488 0.67619
4.054 0.66436
4.1751 0.64612
4.279 0.67372
4.28345 0.69805
4.23689 0.67219
4.279 0.69164
4.207 0.67489
3.77074 0.75514
4.12734 0.70711
3.99969 0.69537
4.115 0.68877
4.19 0.67593
4.089 0.71321
3.9773 0.69238
4.168 0.66291
4.10594 0.72774
4.042 0.73625
4.12323 0.67685
4.39886 0.6664
4.16384 0.65073
4.18031 0.67507
4.152 0.68601
4.05337 0.6827
4.25155 0.68469
4.0957 0.6964
4.26061 0.66851
4.282 0.63667
4.00814 0.73183
4.087 0.68117
4.32316 0.67764
4.175 0.69192
4.18953 0.66371
4.05429 0.68059
4.138 0.69751
4.31066 0.70632
4.295 0.67756
4.156 0.68382
4.135 0.66957
4.303 0.69019
4.304 0.65249
4.22155 0.6863
4.109 0.69375
4.16017 0.69292
4.17007 0.73094
4.22112 0.67168
4.06484 0.72609
4.18607 0.70843
4.134 0.71816
4.278 0.65943
4.21 0.67954
4.24352 0.6924
4.25286 0.65333
4.3636 0.64407
4.2 0.66971
4.29438 0.63597
4.142 0.69529
4.2012 0.66661
4.23764 0.68231
4.09334 0.66967
4.02935 0.71631
4.17937 0.70768
4.14925 0.70132
4.464 0.64321
4.25456 0.64122
4.24569 0.63729
4.07247 0.68657
3.97391 0.7403
3.95436 0.72223
4.06242 0.6563
4.03995 0.70754
4.19223 0.68599
4.30268 0.67642
4.11018 0.71419
8.39636 0.22968
8.844 0.22882
9.0335 0.23125
8.916 0.20983
8.573 0.24335
8.04818 0.2497
8.36903 0.21435
9.03782 0.20781
8.678 0.24017
8.303 0.22118
8.877 0.23675
8.658 0.23508
8.888 0.22182
8.32188 0.21079
8.771 0.22137
8.84542 0.2518
8.22258 0.25701
8.90205 0.26307
8.46173 0.18931
8.61976 0.22762
8.779 0.24295
8.358 0.24529
8.65729 0.24833
8.79656 0.22673
8.289 0.2495
8.537 0.24168
8.29549 0.23941
8.63339 0.22913
8.46421 0.25835
8.48648 0.19623
8.508 0.23451
8.51936 0.25156
8.43403 0.24194
8.59734 0.24739
8.566 0.28975
8.6646 0.23491
8.893 0.18501
8.991 0.21498
8.318 0.26949
8.859 0.22413
8.436 0.23429
8.34586 0.23646
8.20581 0.24582
8.927 0.22395
8.9239 0.22811
8.64933 0.21626
8.341 0.24811
8.436 0.23576
8.74 0.21651
8.716 0.21713
8.637 0.22047
9.013 0.22416
8.823 0.21917
8.155 0.23395
8.28869 0.27896
8.98257 0.22924
8.2594 0.23224
8.281 0.29336
8.689 0.17232
8.807 0.23232
8.13602 0.23634
8.951 0.28339
8.851 0.23605
8.34 0.24906
8.957 0.21099
8.954 0.20358
8.808 0.25098
8.758 0.19893
8.429 0.21852
8.10322 0.25295
8.59618 0.26455
8.226 0.1859
8.57701 0.22759
8.73539 0.25863
8.636 0.21202
8.962 0.2454
8.8 0.21614
8.26855 0.22809
8.61846 0.20764
8.387 0.2159
8.413 0.26114
8.83039 0.23096
8.89878 0.20161
8.638 0.21552
8.679 0.22269
8.284 0.27135
8.58578 0.23461
8.812 0.2359
8.311 0.23727
8.09535 0.29573
8.53545 0.25393
9.09301 0.24341
8.323 0.2611
8.52249 0.22746
8.558 0.22178
8.474 0.26504
8.42543 0.21219
8.154 0.25315
8.54389 0.21449
8.43971 0.26563
8.484 0.24683
8.20969 0.24518
8.96876 0.26505
8.4574 0.24803
8.984 0.24407
8.35563 0.23562
8.59074 0.22064
8.05978 0.24849
8.49424 0.2658
8.143 0.2349
8.43955 0.25982
8.788 0.2551
8.509 0.26312
8.599 0.24335
8.798 0.22298
8.254 0.23258
8.719 0.2564
8.62991 0.25418
8.729 0.24271
8.20892 0.22015
8.669 0.23938
8.71 0.19918
8.6145 0.25302
8.469 0.2315
8.29316 0.26474
8.988 0.22271
8.856 0.23056
8.765 0.24147
8.53149 0.20825
8.477 0.24655
8.483 0.22669
8.65697 0.26447
8.41656 0.22732
8.387 0.22342
8.254 0.23493
8.83943 0.22617
8.451 0.19181
8.494 0.26093
8.27079 0.27246
8.368 0.26157
8.39963 0.26181
8.3767 0.26125
8.275 0.24357
8.451 0.28695
8.61367 0.24732
8.70487 0.24612
8.56515 0.25481
8.404 0.23353
8.20726 0.23248
8.352 0.26685
8.33087 0.22112
8.659 0.21665
8.765 0.26338
8.47619 0.25989
8.52233 0.26087
8.35 0.25744
8.15722 0.25368
8.249 0.22351
8.74 0.24884
8.23835 0.25152
8.803 0.17808
8.272 0.2239
8.60687 0.20383
8.703 0.21981
8.431 0.19247
8.39707 0.23654
8.623 0.27288
9.01187 0.23394
8.554 0.22748
8.706 0.21345
8.38381 0.25428
9.073 0.21842
8.47214 0.22293
8.432 0.22142
8.14173 0.23939
8.314 0.25807
8.63381 0.23127
8.628 0.2453
8.41446 0.18811
8.68488 0.25004
8.413 0.21423
8.47145 0.22389
8.303 0.2119
8.55675 0.24226
8.646 0.21435
8.468 0.26304
8.316 0.22079
8.47129 0.22001
8.36569 0.24863
8.523 0.26185
8.497 0.26424
8.73254 0.26111
8.626 0.25246
8.55569 0.23794
8.75918 0.24885
9.066 0.2228
8.289 0.21
8.75295 0.28383
9.04714 0.24539
8.38428 0.22784
8.196 0.28763
8.635 0.21902
8.827 0.18016
8.84 0.20752
8.479 0.22761
8.839 0.21815
8.795 0.19402
8.38392 0.2431
8.3659 0.24282
8.882 0.19198
8.17973 0.24848
8.774 0.25202
8.59899 0.24476
8.15948 0.22578
8.68435 0.2391
8.327 0.22742
8.717 0.2484
8.74844 0.21635
8.142 0.2306
8.253 0.23309
8.53891 0.20636
8.66015 0.2495
8.128 0.23971
8.396 0.23342
8.791 0.21756
8.706 0.22611
8.658 0.23433
8.59168 0.26408
8.319 0.2423
8.39234 0.26536
8.28664 0.24198
8.19603 0.22685
8.11 0.2686
8.55 0.26209
8.94869 0.21058
8.872 0.23899
8.35971 0.26657
8.33625 0.24799
8.433 0.25229
8.92975 0.25252
8.73321 0.25898
8.296 0.27267
8.70958 0.21937
8.44718 0.20956
8.769 0.22617
8.70395 0.24726
8.467 0.22395
8.64842 0.19531
8.684 0.24882
9.03789 0.24448
8.35756 0.22924
8.089 0.2713
8.40973 0.24145
8.342 0.20188
8.72583 0.19789
8.38438 0.21339
8.34197 0.21546
8.35726 0.2274
8.2428 0.21294
8.44126 0.23531
8.847 0.23155
8.80078 0.24977
8.49695 0.24591
8.486 0.24746
8.62659 0.2225
8.64 0.22385
8.757 0.20697
8.43145 0.23722
8.911 0.2515
8.697 0.25565
8.391 0.22918
8.55528 0.2016
8.782 0.22347
8.831 0.25227
8.742 0.21356
8.86347 0.22959
8.64114 0.19811
8.067 0.24201
8.518 0.23449
8.238 0.22573
8.467 0.22778
8.63212 0.26071
8.379 0.22916
8.219 0.22485
8.553 0.24452
8.4316 0.26316
8.359 0.23252
8.48384 0.22394
9.0225 0.19955
8.5632 0.25956
8.607 0.27081
8.51138 0.2263
8.27683 0.21955
8.73 0.21667
8.44378 0.23137
8.749 0.20941
8.75957 0.19535
8.25435 0.21493
8.422 0.23607
8.894 0.16468
8.53609 0.24703
8.64689 0.24669
8.319 0.24727
8.534 0.30338
8.88 0.24854
8.85347 0.19414
8.57 0.20176
8.4775 0.23925
8.786 0.19806
8.796 0.24293
8.70462 0.21594
8.43464 0.21554
8.58938 0.21473
8.52788 0.21479
8.66451 0.23553
8.28497 0.26889
8.53947 0.2229
8.506 0.25451
8.797 0.20641
8.691 0.2237
8.76484 0.24272
8.803 0.2643
8.986 0.20181
8.539 0.21301
8.784 0.22167
8.50651 0.23412
8.694 0.22756
8.687 0.21013
8.425 0.22722
8.336 0.22482
8.61226 0.21389
8.524 0.23376
9.13329 0.21905
8.7761 0.24113
8.685 0.26077
8.367 0.25187
8.20064 0.22666
8.21287 0.23716
8.392 0.21804
8.33358 0.24752
8.613 0.26346
8.867 0.21589
8.46771 0.231
5.68849 5.68849
6.82454 6.82454
7.41425 7.41425
6.85226 6.85226
6.40975 6.40975
5.0343 5.0343
6.05071 6.05071
7.19435 7.19435
6.19221 6.19221
5.83662 5.83662
6.83344 6.83344
6.66548 6.66548
6.97305 6.97305
5.91086 5.91086
5.91456 5.91456
6.85176 6.85176
5.14369 5.14369
6.88243 6.88243
5.76519 5.76519
6.391 6.391
6.86897 6.86897
6.0204 6.0204
6.43768 6.43768
6.63587 6.63587
5.76415 5.76415
6.57524 6.57524
5.40209 5.40209
6.22462 6.22462
5.69134 5.69134
6.01948 6.01948
6.42932 6.42932
6.20861 6.20861
5.97589 5.97589
6.4865 6.4865
6.6795 6.6795
6.48893 6.48893
6.85668 6.85668
7.05481 7.05481
5.9577 5.9577
6.66725 6.66725
6.11098 6.11098
5.91032 5.91032
5.90106 5.90106
6.56361 6.56361
6.90944 6.90944
6.3697 6.3697
5.64375 5.64375
5.99782 5.99782
6.66503 6.66503
6.65279 6.65279
6.43642 6.43642
7.2098 7.2098
6.58968 6.58968
5.77917 5.77917
5.87915 5.87915
7.31573 7.31573
5.66768 5.66768
5.14228 5.14228
6.46438 6.46438
6.65792 6.65792
5.49836 5.49836
6.98612 6.98612
6.96376 6.96376
6.03876 6.03876
6.83037 6.83037
6.97651 6.97651
6.72653 6.72653
6.58396 6.58396
6.12712 6.12712
5.3153 5.3153
6.51641 6.51641
5.83235 5.83235
6.63099 6.63099
6.99714 6.99714
6.0719 6.0719
7.06091 7.06091
6.72941 6.72941
5.90547 5.90547
6.52947 6.52947
5.99978 5.99978
5.71654 5.71654
7.07875 7.07875
6.79729 6.79729
6.5781 6.5781
6.47476 6.47476
5.99382 5.99382
6.35068 6.35068
6.74879 6.74879
6.09977 6.09977
5.6592 5.6592
6.29013 6.29013
7.24482 7.24482
5.68536 5.68536
6.21015 6.21015
6.27338 6.27338
6.37516 6.37516
6.19883 6.19883
5.05355 5.05355
6.34965 6.34965
5.57473 5.57473
6.22717 6.22717
5.12352 5.12352
7.15771 7.15771
6.20322 6.20322
6.84671 6.84671
6.01069 6.01069
6.09739 6.09739
4.98029 4.98029
6.26655 6.26655
5.22917 5.22917
5.91407 5.91407
6.96599 6.96599
6.29921 6.29921
5.96701 5.96701
7.28 7.28
5.73612 5.73612
6.28221 6.28221
6.43447 6.43447
6.83576 6.83576
5.23126 5.23126
6.51145 6.51145
6.243 6.243
6.68879 6.68879
6.47474 6.47474
5.57972 5.57972
6.76754 6.76754
6.8904 6.8904
6.57867 6.57867
6.36003 6.36003
6.12529 6.12529
6.11979 6.11979
6.59333 6.59333
5.86905 5.86905
5.97794 5.97794
6.00484 6.00484
6.79555 6.79555
5.88006 5.88006
6.32476 6.32476
5.72024 5.72024
6.08628 6.08628
5.59878 5.59878
6.07815 6.07815
5.88779 5.88779
5.68599 5.68599
6.5526 6.5526
6.21142 6.21142
6.28883 6.28883
5.99012 5.99012
5.81104 5.81104
5.56333 5.56333
5.75954 5.75954
6.67419 6.67419
6.55556 6.55556
5.59889 5.59889
6.00125 6.00125
5.6505 5.6505
5.4213 5.4213
5.8192 5.8192
6.67883 6.67883
5.59342 5.59342
6.22658 6.22658
5.98517 5.98517
5.99283 5.99283
6.62696 6.62696
6.12489 6.12489
5.90992 5.90992
6.39801 6.39801
7.19606 7.19606
6.29427 6.29427
6.15445 6.15445
6.03327 6.03327
7.30567 7.30567
6.43981 6.43981
5.88905 5.88905
5.38173 5.38173
5.79737 5.79737
6.05892 6.05892
6.66524 6.66524
6.12698 6.12698
6.69332 6.69332
5.98377 5.98377
6.14201 6.14201
6.05616 6.05616
6.21831 6.21831
6.47774 6.47774
6.01377 6.01377
5.61401 5.61401
6.02272 6.02272
6.03638 6.03638
6.31124 6.31124
6.29136 6.29136
6.56971 6.56971
6.45129 6.45129
6.24052 6.24052
6.37361 6.37361
7.29497 7.29497
5.59689 5.59689
6.08964 6.08964
7.557 7.557
6.30511 6.30511
5.68011 5.68011
6.69627 6.69627
6.35025 6.35025
6.85777 6.85777
6.21277 6.21277
6.15321 6.15321
6.87202 6.87202
5.91233 5.91233
5.47169 5.47169
7.06252 7.06252
5.82375 5.82375
6.64014 6.64014
6.40518 6.40518
5.67063 5.67063
6.49658 6.49658
5.37483 5.37483
6.18613 6.18613
6.99036 6.99036
5.71452 5.71452
5.20616 5.20616
6.48971 6.48971
6.60518 6.60518
5.671 5.671
5.95975 5.95975
6.69735 6.69735
6.67456 6.67456
6.42743 6.42743
5.94376 5.94376
5.97596 5.97596
5.91644 5.91644
5.23084 5.23084
5.87139 5.87139
5.40355 5.40355
6.32783 6.32783
7.003 7.003
6.39767 6.39767
5.39751 5.39751
5.9036 5.9036
5.64829 5.64829
6.95788 6.95788
6.79218 6.79218
5.52443 5.52443
6.06744 6.06744
5.70357 5.70357
6.70342 6.70342
6.23934 6.23934
6.31544 6.31544
6.48836 6.48836
6.483 6.483
7.01674 7.01674
6.19704 6.19704
5.36731 5.36731
6.24038 6.24038
5.92858 5.92858
6.5729 6.5729
5.49473 5.49473
5.83896 5.83896
5.925 5.925
5.79527 5.79527
5.97 5.97
6.89031 6.89031
6.68887 6.68887
6.36216 6.36216
6.13719 6.13719
6.51745 6.51745
6.87731 6.87731
6.20358 6.20358
6.08977 6.08977
7.01979 7.01979
6.57786 6.57786
6.1288 6.1288
6.18153 6.18153
6.78946 6.78946
6.70776 6.70776
6.69685 6.69685
6.97129 6.97129
6.19249 6.19249
5.5211 5.5211
6.202 6.202
5.80105 5.80105
6.17615 6.17615
6.40927 6.40927
6.06712 6.06712
5.67679 5.67679
6.22025 6.22025
5.60209 5.60209
5.94864 5.94864
5.75805 5.75805
6.4951 6.4951
5.9547 5.9547
6.56614 6.56614
6.14741 6.14741
5.58457 5.58457
6.22383 6.22383
6.30287 6.30287
6.58426 6.58426
6.8371 6.8371
5.78137 5.78137
5.78546 5.78546
6.89527 6.89527
6.3061 6.3061
6.43217 6.43217
6.13737 6.13737
6.2458 6.2458
6.44416 6.44416
6.93956 6.93956
6.41237 6.41237
6.18168 6.18168
6.7475 6.7475
6.8784 6.8784
6.59676 6.59676
5.55879 5.55879
6.33413 6.33413
6.21044 6.21044
5.97272 5.97272
5.84583 5.84583
6.3098 6.3098
5.91267 5.91267
6.93879 6.93879
6.31431 6.31431
6.69407 6.69407
7.03508 7.03508
6.61416 6.61416
6.32468 6.32468
6.92207 6.92207
6.31068 6.31068
6.33767 6.33767
6.513 6.513
6.26458 6.26458
6.1489 6.1489
6.34813 6.34813
6.25682 6.25682
6.99628 6.99628
6.93847 6.93847
6.8368 6.8368
5.95434 5.95434
5.65925 5.65925
5.14643 5.14643
5.86803 5.86803
6.09983 6.09983
6.79122 6.79122
7.03163 7.03163
5.62517 5.62517
12.4579 12.4579
14.4396 14.4396
14.9181 14.9181
14.6443 14.6443
13.6586 13.6586
12.1404 12.1404
13.0401 13.0401
14.8388 14.8388
14.0487 14.0487
13.0494 13.0494
14.5089 14.5089
13.5163 13.5163
14.409 14.409
12.9987 12.9987
13.9329 13.9329
14.33 14.33
12.782 12.782
14.727 14.727
13.4102 13.4102
13.7371 13.7371
14.1751 14.1751
13.2542 13.2542
13.8876 13.8876
14.2797 14.2797
13.132 13.132
13.5655 13.5655
12.8068 12.8068
13.7919 13.7919
13.6549 13.6549
13.4049 13.4049
13.5116 13.5116
13.3371 13.3371
13.2748 13.2748
13.893 13.893
13.756 13.756
13.7898 13.7898
14.1972 14.1972
14.7455 14.7455
12.8726 12.8726
14.3802 14.3802
13.0756 13.0756
12.7299 12.7299
12.7707 12.7707
14.6219 14.6219
14.8517 14.8517
13.8266 13.8266
12.7469 12.7469
13.3983 13.3983
13.9097 13.9097
13.6777 13.6777
13.9416 13.9416
14.8415 14.8415
14.2755 14.2755
12.5797 12.5797
12.9357 12.9357
15.034 15.034
12.8962 12.8962
12.0969 12.0969
13.9864 13.9864
13.7273 13.7273
12.4782 12.4782
14.6062 14.6062
14.0909 14.0909
13.0293 13.0293
14.7979 14.7979
14.901 14.901
14.277 14.277
13.9356 13.9356
12.8805 12.8805
12.434 12.434
13.7287 13.7287
12.0193 12.0193
13.6237 13.6237
13.6657 13.6657
13.9163 13.9163
14.745 14.745
14.4775 14.4775
13.0332 13.0332
13.6907 13.6907
13.1325 13.1325
13.39 13.39
14.5019 14.5019
14.6631 14.6631
13.8205 13.8205
14.1679 14.1679
12.8958 12.8958
13.5228 13.5228
13.7929 13.7929
12.7521 12.7521
12.4894 12.4894
13.3603 13.3603
14.7021 14.7021
13.0663 13.0663
13.0067 13.0067
13.794 13.794
12.8716 12.8716
13.3717 13.3717
12.7495 12.7495
13.535 13.535
13.2354 13.2354
13.2563 13.2563
12.1319 12.1319
14.312 14.312
12.9139 12.9139
14.8889 14.8889
12.4831 12.4831
13.5756 13.5756
12.1229 12.1229
12.6755 12.6755
12.3176 12.3176
13.1745 13.1745
14.6116 14.6116
13.7226 13.7226
13.6323 13.6323
14.3855 14.3855
12.897 12.897
13.7493 13.7493
13.7116 13.7116
14.3277 14.3277
12.3613 12.3613
13.7619 13.7619
14.079 14.079
13.7581 13.7581
13.5866 13.5866
12.8136 12.8136
14.3476 14.3476
14.6139 14.6139
13.9755 13.9755
13.6468 13.6468
13.5865 13.5865
13.3501 13.3501
13.8575 13.8575
12.9971 12.9971
13.082 13.082
12.3263 12.3263
14.2996 14.2996
13.508 13.508
13.5211 13.5211
12.4 12.4
12.9399 12.9399
12.5744 12.5744
12.8888 12.8888
12.7961 12.7961
13.0646 13.0646
13.9689 13.9689
14.0917 14.0917
13.3731 13.3731
13.2742 13.2742
12.0364 12.0364
13.07 13.07
12.7181 12.7181
13.9207 13.9207
14.134 14.134
13.0745 13.0745
13.3877 13.3877
13.002 13.002
12.0458 12.0458
12.8705 12.8705
14.1453 14.1453
12.6917 12.6917
13.6446 13.6446
12.7899 12.7899
13.916 13.916
14.0985 14.0985
13.1413 13.1413
13.2455 13.2455
13.9053 13.9053
14.6654 14.6654
13.4521 13.4521
13.9227 13.9227
13.253 13.253
14.8935 14.8935
13.5263 13.5263
13.1598 13.1598
12.4947 12.4947
12.8447 12.8447
13.9225 13.9225
13.8874 13.8874
13.2111 13.2111
14.0616 14.0616
13.3759 13.3759
13.592 13.592
12.2428 12.2428
13.5086 13.5086
13.8095 13.8095
13.1746 13.1746
12.7878 12.7878
13.4367 13.4367
13.1266 13.1266
13.1555 13.1555
12.9463 12.9463
14.255 14.255
13.9983 13.9983
13.3782 13.3782
14.1218 14.1218
15.1687 15.1687
12.4932 12.4932
14.2665 14.2665
14.6917 14.6917
13.0049 13.0049
12.6716 12.6716
13.8736 13.8736
14.5131 14.5131
13.7743 13.7743
13.438 13.438
14.2322 14.2322
14.3239 14.3239
13.2492 13.2492
12.2811 12.2811
14.6443 14.6443
12.538 12.538
13.9679 13.9679
13.6039 13.6039
12.4167 12.4167
14.0291 14.0291
12.916 12.916
14.0343 14.0343
14.4591 14.4591
12.4612 12.4612
12.1672 12.1672
13.4383 13.4383
14.0834 14.0834
12.1715 12.1715
13.2325 13.2325
13.7306 13.7306
13.9896 13.9896
14.1288 14.1288
13.7886 13.7886
12.7278 12.7278
12.978 12.978
12.8416 12.8416
12.6617 12.6617
12.2818 12.2818
13.4126 13.4126
14.7665 14.7665
14.5496 14.5496
13.1434 13.1434
12.6679 12.6679
13.5038 13.5038
14.5705 14.5705
14.0962 14.0962
12.795 12.795
14.0405 14.0405
13.1781 13.1781
14.2953 14.2953
14.1593 14.1593
13.5211 13.5211
13.7243 13.7243
13.9949 13.9949
14.3533 14.3533
13.0261 13.0261
11.9235 11.9235
13.7291 13.7291
12.89 12.89
13.8826 13.8826
13.0801 13.0801
13.4392 13.4392
13.3216 13.3216
12.5627 12.5627
13.4154 13.4154
14.4034 14.4034
13.9828 13.9828
13.2764 13.2764
13.6721 13.6721
13.97 13.97
13.7697 13.7697
13.5694 13.5694
13.2003 13.2003
14.758 14.758
13.4474 13.4474
13.0132 13.0132
13.671 13.671
14.2688 14.2688
13.9878 13.9878
14.1932 14.1932
14.3927 14.3927
13.8875 13.8875
11.7119 11.7119
13.3908 13.3908
12.7378 12.7378
13.437 13.437
13.8984 13.8984
13.0818 13.0818
12.5936 12.5936
13.6777 13.6777
13.024 13.024
12.9102 12.9102
13.4914 13.4914
14.3789 14.3789
13.5383 13.5383
13.6689 13.6689
13.4922 13.4922
13.166 13.166
13.9301 13.9301
12.6976 12.6976
14.033 14.033
14.3724 14.3724
12.1394 12.1394
13.1206 13.1206
14.6813 14.6813
13.438 13.438
13.7859 13.7859
12.358 12.358
13.5144 13.5144
14.4666 14.4666
14.3956 14.3956
13.2246 13.2246
12.8347 12.8347
14.631 14.631
14.4639 14.4639
14.2342 14.2342
13.2452 13.2452
13.2405 13.2405
13.858 13.858
13.2101 13.2101
12.5785 12.5785
13.7277 13.7277
13.8007 13.8007
13.555 13.555
14.1516 14.1516
14.4044 14.4044
13.7186 13.7186
14.7171 14.7171
13.7373 13.7373
13.7472 13.7472
13.2158 13.2158
14.0078 14.0078
13.7381 13.7381
12.9921 12.9921
12.7619 12.7619
13.172 13.172
13.6434 13.6434
14.7208 14.7208
13.7143 13.7143
13.9713 13.9713
13.1286 13.1286
12.5616 12.5616
12.1785 12.1785
13.1514 13.1514
12.8554 12.8554
13.4078 13.4078
14.3032 14.3032
12.7244 12.7244
0.815 0.815
1.06091 1.06091
1.27457 1.27457
1.29434 1.29434
0.81235 0.81235
0.84764 0.84764
0.85859 0.85859
1.22573 1.22573
1.03731 1.03731
0.9653 0.9653
1.18369 1.18369
0.98462 0.98462
1.10062 1.10062
0.91129 0.91129
1.08039 1.08039
1.0286 1.0286
0.89369 0.89369
0.98509 0.98509
1.0417 1.0417
0.99361 0.99361
1.17731 1.17731
0.91947 0.91947
1.16652 1.16652
0.78861 0.78861
0.8625 0.8625
1.05434 1.05434
0.79601 0.79601
1.00709 1.00709
1.04395 1.04395
1.00715 1.00715
1.01574 1.01574
1.08814 1.08814
1.10963 1.10963
0.8486 0.8486
1.05045 1.05045
1.10362 1.10362
0.959 0.959
0.97193 0.97193
1.01919 1.01919
0.99103 0.99103
0.97959 0.97959
0.57637 0.57637
0.82126 0.82126
0.84434 0.84434
0.99925 0.99925
0.88761 0.88761
1.14102 1.14102
1.02909 1.02909
1.05079 1.05079
1.05031 1.05031
0.94537 0.94537
1.03539 1.03539
1.07766 1.07766
0.85988 0.85988
0.818 0.818
1.1705 1.1705
0.87713 0.87713
1.02122 1.02122
0.9321 0.9321
0.98506 0.98506
0.82596 0.82596
0.97523 0.97523
1.16733 1.16733
1.04146 1.04146
1.13404 1.13404
1.07454 1.07454
0.96918 0.96918
1.15167 1.15167
0.9117 0.9117
0.90839 0.90839
0.89716 0.89716
0.81635 0.81635
0.8564 0.8564
0.81433 0.81433
1.03896 1.03896
1.25623 1.25623
0.97549 0.97549
0.85412 0.85412
1.00505 1.00505
0.89959 0.89959
0.97808 0.97808
1.04911 1.04911
1.15222 1.15222
0.98111 0.98111
1.00296 1.00296
1.04295 1.04295
1.093 1.093
1.02784 1.02784
1.04777 1.04777
0.82714 0.82714
1.01012 1.01012
1.32978 1.32978
0.9524 0.9524
0.94363 0.94363
0.80351 0.80351
0.97686 0.97686
0.95831 0.95831
0.76266 0.76266
0.8389 0.8389
0.66557 0.66557
0.97415 0.97415
1.00488 1.00488
0.96214 0.96214
1.07341 1.07341
1.242 1.242
0.75592 0.75592
0.92492 0.92492
0.81597 0.81597
1.00619 1.00619
0.72171 0.72171
0.94045 0.94045
0.95865 0.95865
1.13414 1.13414
0.99939 0.99939
0.97649 0.97649
0.8495 0.8495
0.972 0.972
0.82166 0.82166
1.07458 1.07458
0.98166 0.98166
0.94125 0.94125
1.08876 1.08876
1.02201 1.02201
1.06038 1.06038
0.80623 0.80623
1.18028 1.18028
1.05378 1.05378
1.10681 1.10681
1.05434 1.05434
0.81157 0.81157
0.88464 0.88464
1.2606 1.2606
0.71628 0.71628
0.928 0.928
0.96791 0.96791
1.03978 1.03978
1.02092 1.02092
0.77755 0.77755
0.83735 0.83735
0.87071 0.87071
0.80693 0.80693
0.74763 0.74763
0.77531 0.77531
0.80461 0.80461
1.06807 1.06807
1.12523 1.12523
1.04847 1.04847
0.99697 0.99697
0.61938 0.61938
0.98241 0.98241
0.77488 0.77488
0.90757 0.90757
1.12446 1.12446
1.04968 1.04968
0.99147 0.99147
0.74512 0.74512
0.7499 0.7499
0.79391 0.79391
1.05048 1.05048
0.79817 0.79817
1.0429 1.0429
0.76826 0.76826
1.08778 1.08778
1.02699 1.02699
1.10849 1.10849
0.79418 0.79418
0.91335 0.91335
1.00053 1.00053
0.84519 0.84519
0.96081 0.96081
0.89161 0.89161
1.1679 1.1679
0.977 0.977
0.99085 0.99085
0.88473 0.88473
0.85624 0.85624
1.03415 1.03415
0.91305 0.91305
0.96272 0.96272
1.01589 1.01589
0.81197 0.81197
0.96179 0.96179
1.047 1.047
0.98227 0.98227
1.06861 1.06861
0.82973 0.82973
0.90119 0.90119
0.89671 0.89671
0.85763 0.85763
1.09912 1.09912
0.89515 0.89515
0.981 0.981
0.78991 0.78991
1.04449 1.04449
1.23596 1.23596
1.33536 1.33536
0.87045 0.87045
1.10379 1.10379
1.06873 1.06873
0.95665 0.95665
0.82261 0.82261
0.73296 0.73296
0.98855 0.98855
1.09359 1.09359
0.80574 0.80574
0.95308 0.95308
1.024 1.024
0.85597 0.85597
0.70629 0.70629
1.06166 1.06166
0.643 0.643
0.79276 0.79276
1.1161 1.1161
0.63066 0.63066
1.059 1.059
1.0141 1.0141
1.13696 1.13696
0.906 0.906
0.87628 0.87628
0.8784 0.8784
1.04152 1.04152
0.79929 0.79929
0.80155 0.80155
0.88447 0.88447
1.07835 1.07835
1.09179 1.09179
0.92284 0.92284
0.90347 0.90347
0.91952 0.91952
0.908 0.908
0.87839 0.87839
0.76168 0.76168
0.71643 0.71643
0.88029 0.88029
1.029 1.029
1.08243 1.08243
0.80713 0.80713
1.02571 1.02571
0.94271 0.94271
1.0108 1.0108
1.02677 1.02677
0.84286 0.84286
0.90038 0.90038
1.07253 1.07253
1.12802 1.12802
1.339 1.339
1.08497 1.08497
1.17874 1.17874
1.02863 1.02863
1.17391 1.17391
0.51464 0.51464
0.83967 0.83967
0.88426 0.88426
0.90577 0.90577
1.07304 1.07304
0.85411 0.85411
0.92156 0.92156
0.9021 0.9021
0.8925 0.8925
0.84613 0.84613
1.33469 1.33469
1.06402 1.06402
0.864 0.864
0.90378 0.90378
0.8199 0.8199
0.94763 0.94763
0.93248 0.93248
0.92429 0.92429
1.03415 1.03415
1.13572 1.13572
0.92175 0.92175
0.97352 0.97352
1.1158 1.1158
1.08888 1.08888
0.92894 0.92894
1.07689 1.07689
0.7015 0.7015
0.79286 0.79286
1.07638 1.07638
0.75742 0.75742
0.99113 0.99113
1.2074 1.2074
0.82773 0.82773
0.97828 0.97828
0.91636 0.91636
0.79204 0.79204
0.95411 0.95411
1.03449 1.03449
1.0104 1.0104
0.98273 0.98273
0.97578 0.97578
0.90915 0.90915
0.73462 0.73462
1.01606 1.01606
1.001 1.001
0.99955 0.99955
1.09496 1.09496
0.7804 0.7804
1.03958 1.03958
0.98365 0.98365
0.88176 0.88176
0.86724 0.86724
0.84603 0.84603
1.01459 1.01459
1.01905 1.01905
0.96239 0.96239
0.8888 0.8888
0.88576 0.88576
1.1276 1.1276
1.16242 1.16242
0.95168 0.95168
0.80506 0.80506
0.95974 0.95974
1.01169 1.01169
0.89166 0.89166
0.87153 0.87153
0.93893 0.93893
0.94619 0.94619
1.07453 1.07453
1.04941 1.04941
1.05291 1.05291
1.12549 1.12549
1.22647 1.22647
0.96185 0.96185
1.15446 1.15446
0.95953 0.95953
1.03745 1.03745
1.17456 1.17456
1.00527 1.00527
1.05458 1.05458
0.77968 0.77968
1.02217 1.02217
1.16859 1.16859
1.14072 1.14072
1.04849 1.04849
0.91379 0.91379
0.85362 0.85362
0.771 0.771
0.8198 0.8198
0.74286 0.74286
0.89111 0.89111
1.03874 1.03874
0.93987 0.93987
5.43016 5.43016
5.85508 5.85508
5.67485 5.67485
5.99741 5.99741
5.43766 5.43766
4.38276 4.38276
4.85515 4.85515
6.07241 6.07241
5.38932 5.38932
4.54973 4.54973
5.55098 5.55098
5.48023 5.48023
5.86098 5.86098
5.182 5.182
5.77256 5.77256
5.75282 5.75282
4.48279 4.48279
5.76638 5.76638
4.90278 4.90278
5.46933 5.46933
5.75995 5.75995
4.87886 4.87886
5.6535 5.6535
5.51876 5.51876
5.02789 5.02789
5.05939 5.05939
4.81394 4.81394
5.48052 5.48052
5.27826 5.27826
5.28555 5.28555
5.42706 5.42706
5.32107 5.32107
5.39804 5.39804
5.52925 5.52925
5.50444 5.50444
5.1348 5.1348
5.8328 5.8328
6.15121 6.15121
5.059 5.059
5.88997 5.88997
4.99393 4.99393
5.06622 5.06622
4.81287 4.81287
5.88121 5.88121
6.0786 6.0786
5.68902 5.68902
5.12489 5.12489
5.30447 5.30447
5.53916 5.53916
5.70306 5.70306
5.61305 5.61305
6.21489 6.21489
5.77938 5.77938
4.8601 4.8601
4.97189 4.97189
6.00757 6.00757
5.06501 5.06501
5.04059 5.04059
5.47591 5.47591
5.39954 5.39954
4.62442 4.62442
5.93738 5.93738
5.7019 5.7019
5.1157 5.1157
5.80505 5.80505
5.98927 5.98927
5.73483 5.73483
5.707 5.707
5.21963 5.21963
4.69189 4.69189
5.60179 5.60179
4.46852 4.46852
5.43443 5.43443
5.639 5.639
5.41734 5.41734
5.99542 5.99542
5.74849 5.74849
5.02285 5.02285
5.57111 5.57111
5.30088 5.30088
5.29113 5.29113
5.78332 5.78332
5.92682 5.92682
5.12784 5.12784
5.471 5.471
5.13482 5.13482
5.4721 5.4721
6.05795 6.05795
5.08291 5.08291
4.93429 4.93429
5.40795 5.40795
6.00856 6.00856
4.77079 4.77079
5.36403 5.36403
5.55386 5.55386
5.24456 5.24456
4.94195 4.94195
4.64924 4.64924
5.39191 5.39191
5.28867 5.28867
5.27056 5.27056
4.957 4.957
5.61352 5.61352
5.28114 5.28114
5.63439 5.63439
5.10333 5.10333
5.0428 5.0428
4.71304 4.71304
5.22985 5.22985
4.75121 4.75121
5.26833 5.26833
5.48198 5.48198
5.33142 5.33142
5.68141 5.68141
5.991 5.991
4.83899 4.83899
5.5522 5.5522
5.46956 5.46956
5.53883 5.53883
4.50553 4.50553
5.48923 5.48923
5.64966 5.64966
5.46823 5.46823
5.17135 5.17135
4.55444 4.55444
6.03489 6.03489
5.52287 5.52287
5.37427 5.37427
5.41433 5.41433
5.18977 5.18977
5.32991 5.32991
5.25226 5.25226
5.34087 5.34087
4.87314 4.87314
4.4854 4.4854
5.51073 5.51073
4.88728 4.88728
5.31297 5.31297
4.95472 4.95472
5.25653 5.25653
5.19318 5.19318
5.0486 5.0486
4.81888 4.81888
5.316 5.316
5.6082 5.6082
5.56795 5.56795
5.55232 5.55232
5.21506 5.21506
4.76259 4.76259
5.20385 5.20385
4.97826 4.97826
5.51 5.51
5.75249 5.75249
5.3478 5.3478
4.91003 4.91003
4.80084 4.80084
5.01832 5.01832
4.81456 4.81456
5.27733 5.27733
4.51712 4.51712
5.3591 5.3591
5.0063 5.0063
5.42067 5.42067
5.73416 5.73416
5.14031 5.14031
5.18934 5.18934
5.59356 5.59356
5.9717 5.9717
5.46978 5.46978
5.46867 5.46867
5.02476 5.02476
5.68602 5.68602
4.83665 4.83665
5.02696 5.02696
4.7453 4.7453
5.33286 5.33286
5.43121 5.43121
5.18874 5.18874
4.8942 4.8942
5.70215 5.70215
5.16854 5.16854
5.15917 5.15917
4.97732 4.97732
5.4618 5.4618
5.57298 5.57298
5.33988 5.33988
5.21169 5.21169
5.40826 5.40826
5.166 5.166
5.24382 5.24382
5.30177 5.30177
5.60218 5.60218
5.48 5.48
5.34865 5.34865
5.20282 5.20282
6.194 6.194
4.93958 4.93958
5.79619 5.79619
6.04426 6.04426
5.06165 5.06165
4.45949 4.45949
5.4039 5.4039
5.94276 5.94276
5.63887 5.63887
5.47095 5.47095
5.62335 5.62335
5.75547 5.75547
4.67161 4.67161
5.16875 5.16875
5.87826 5.87826
4.89507 4.89507
5.63153 5.63153
5.62642 5.62642
4.52591 4.52591
5.54212 5.54212
4.81451 4.81451
5.49001 5.49001
5.77798 5.77798
4.44544 4.44544
4.52317 4.52317
5.36032 5.36032
5.57789 5.57789
4.786 4.786
5.2854 5.2854
5.85635 5.85635
5.67156 5.67156
5.56965 5.56965
5.12646 5.12646
5.06204 5.06204
5.35147 5.35147
4.97077 4.97077
5.09751 5.09751
4.66212 4.66212
5.44572 5.44572
5.86746 5.86746
5.79425 5.79425
4.86098 4.86098
4.94369 4.94369
5.247 5.247
5.82973 5.82973
5.70434 5.70434
4.8478 4.8478
5.76364 5.76364
5.30592 5.30592
5.74646 5.74646
5.79256 5.79256
5.39472 5.39472
5.48938 5.48938
5.63998 5.63998
6.12553 6.12553
4.85254 4.85254
4.89395 4.89395
5.19315 5.19315
5.23279 5.23279
5.60992 5.60992
4.78942 4.78942
5.30483 5.30483
4.68966 4.68966
4.9276 4.9276
5.31465 5.31465
5.89393 5.89393
5.43547 5.43547
5.40976 5.40976
5.45303 5.45303
5.60611 5.60611
5.45125 5.45125
5.63338 5.63338
5.33262 5.33262
6.03522 6.03522
5.7758 5.7758
5.27111 5.27111
5.39118 5.39118
5.75705 5.75705
5.75882 5.75882
5.69781 5.69781
5.8879 5.8879
5.53783 5.53783
4.19465 4.19465
5.39597 5.39597
5.00243 5.00243
5.20661 5.20661
5.33195 5.33195
5.22923 5.22923
4.90666 4.90666
5.26884 5.26884
5.24707 5.24707
4.55777 4.55777
5.22646 5.22646
6.15998 6.15998
5.44461 5.44461
5.59236 5.59236
5.28886 5.28886
5.30825 5.30825
5.59687 5.59687
5.03493 5.03493
5.6234 5.6234
5.57878 5.57878
4.48468 4.48468
5.20495 5.20495
6.02525 6.02525
5.39832 5.39832
5.18522 5.18522
5.06583 5.06583
5.48931 5.48931
6.01077 6.01077
5.83226 5.83226
5.56007 5.56007
5.25099 5.25099
5.7796 5.7796
5.69289 5.69289
5.23264 5.23264
5.22301 5.22301
5.48996 5.48996
5.41876 5.41876
5.464 5.464
4.91505 4.91505
5.33038 5.33038
5.30914 5.30914
5.96139 5.96139
5.55376 5.55376
5.56029 5.56029
5.58873 5.58873
6.13439 6.13439
5.31215 5.31215
5.72844 5.72844
5.38856 5.38856
5.4805 5.4805
5.63013 5.63013
5.36892 5.36892
5.16151 5.16151
5.41412 5.41412
5.07344 5.07344
6.24445 6.24445
5.33471 5.33471
5.64972 5.64972
5.00566 5.00566
4.56089 4.56089
4.94144 4.94144
4.88689 4.88689
4.86968 4.86968
5.41276 5.41276
5.82023 5.82023
5.484 5.484
11.969 11.969
13.192 13.192
13.4353 13.4353
13.1911 13.1911
12.4662 12.4662
11.2496 11.2496
11.6577 11.6577
13.6764 13.6764
12.8661 12.8661
11.6675 11.6675
13.341 13.341
12.7596 12.7596
13.1402 13.1402
12.0526 12.0526
12.4861 12.4861
13.0782 13.0782
11.7506 11.7506
13.0048 13.0048
12.1202 12.1202
12.6463 12.6463
12.9108 12.9108
12.2428 12.2428
12.7513 12.7513
13.006 13.006
11.9943 11.9943
12.3579 12.3579
12.0436 12.0436
12.4647 12.4647
12.2362 12.2362
11.9593 11.9593
12.5107 12.5107
12.3745 12.3745
12.197 12.197
12.1799 12.1799
12.5566 12.5566
12.5503 12.5503
13.3329 13.3329
13.1936 13.1936
11.4076 11.4076
13.2017 13.2017
12.4119 12.4119
12.0559 12.0559
11.7542 11.7542
13.3907 13.3907
13.322 13.322
12.7416 12.7416
11.653 11.653
12.2349 12.2349
12.9524 12.9524
12.8622 12.8622
12.7532 12.7532
13.5148 13.5148
13.1263 13.1263
11.3278 11.3278
11.9771 11.9771
13.7159 13.7159
12.0095 12.0095
11.6484 11.6484
12.7451 12.7451
12.5954 12.5954
11.5333 11.5333
13.2938 13.2938
13.2844 13.2844
11.5525 11.5525
13.614 13.614
13.5719 13.5719
12.8018 12.8018
13.0518 13.0518
12.1641 12.1641
11.4245 11.4245
12.536 12.536
11.3665 11.3665
12.501 12.501
12.8635 12.8635
12.7252 12.7252
13.1044 13.1044
13.1231 13.1231
12.0085 12.0085
12.7539 12.7539
12.0793 12.0793
12.0381 12.0381
13.0487 13.0487
13.2461 13.2461
12.315 12.315
12.7621 12.7621
11.858 11.858
12.2255 12.2255
13.274 13.274
12.0677 12.0677
11.3342 11.3342
12.5425 12.5425
13.4939 13.4939
11.5119 11.5119
12.5862 12.5862
12.6466 12.6466
12.3036 12.3036
12.2979 12.2979
11.5151 11.5151
12.3985 12.3985
11.7431 11.7431
12.3025 12.3025
11.2323 11.2323
13.0663 13.0663
12.321 12.321
13.1355 13.1355
11.6872 11.6872
12.051 12.051
11.2063 11.2063
12.2152 12.2152
11.434 11.434
12.1782 12.1782
13.1376 13.1376
12.3285 12.3285
12.4719 12.4719
13.034 13.034
11.6539 11.6539
12.8117 12.8117
12.5404 12.5404
12.6181 12.6181
11.5502 11.5502
12.6542 12.6542
12.7673 12.7673
12.5245 12.5245
12.326 12.326
11.615 11.615
13.3945 13.3945
13.1872 13.1872
12.9059 12.9059
12.3191 12.3191
11.8147 11.8147
12.0961 12.0961
12.4585 12.4585
12.0517 12.0517
12.0026 12.0026
11.8338 11.8338
13.1063 13.1063
12.1738 12.1738
12.3431 12.3431
11.7071 11.7071
12.1446 12.1446
11.7914 11.7914
12.0763 12.0763
11.7576 11.7576
11.9935 11.9935
12.5213 12.5213
12.928 12.928
12.433 12.433
11.7498 11.7498
11.8978 11.8978
11.6722 11.6722
11.9996 11.9996
12.6692 12.6692
13.0581 13.0581
12.4017 12.4017
12.3509 12.3509
11.9276 11.9276
11.5839 11.5839
11.7706 11.7706
12.7351 12.7351
11.8107 11.8107
12.9168 12.9168
11.834 11.834
12.1225 12.1225
12.8411 12.8411
12.1925 12.1925
12.1926 12.1926
12.693 12.693
13.8037 13.8037
12.3796 12.3796
12.8239 12.8239
12.1212 12.1212
13.2471 13.2471
12.2441 12.2441
12.2698 12.2698
11.4468 11.4468
12.054 12.054
12.7772 12.7772
12.6975 12.6975
12.237 12.237
12.9898 12.9898
12.3767 12.3767
12.3452 12.3452
11.8659 11.8659
12.65 12.65
12.6988 12.6988
12.1909 12.1909
12.0195 12.0195
12.1441 12.1441
12.1171 12.1171
12.3654 12.3654
12.3842 12.3842
12.5288 12.5288
12.7097 12.7097
12.4687 12.4687
12.6019 12.6019
13.5896 13.5896
11.9806 11.9806
13.0803 13.0803
13.6414 13.6414
12.0271 12.0271
11.5451 11.5451
12.5294 12.5294
12.9712 12.9712
13.0249 13.0249
12.0768 12.0768
12.8874 12.8874
13.0548 13.0548
11.9504 11.9504
11.9741 11.9741
13.3759 13.3759
11.4329 11.4329
12.8019 12.8019
12.6982 12.6982
11.6986 11.6986
12.7639 12.7639
11.4651 11.4651
12.4931 12.4931
12.8294 12.8294
11.5194 11.5194
11.5332 11.5332
12.4901 12.4901
12.9019 12.9019
11.3993 11.3993
12.1366 12.1366
12.8156 12.8156
12.448 12.448
12.7051 12.7051
12.1959 12.1959
11.955 11.955
12.0915 12.0915
11.5475 11.5475
11.7986 11.7986
11.3411 11.3411
12.5676 12.5676
13.346 13.346
13.2181 13.2181
11.6658 11.6658
12.0223 12.0223
12.4636 12.4636
13.4198 13.4198
12.4508 12.4508
11.9369 11.9369
12.6893 12.6893
12.2401 12.2401
12.9912 12.9912
12.8121 12.8121
12.298 12.298
12.6236 12.6236
12.9855 12.9855
13.6087 13.6087
11.6279 11.6279
11.066 11.066
12.1028 12.1028
12.1144 12.1144
12.7851 12.7851
12.3362 12.3362
11.6163 11.6163
11.9064 11.9064
11.3938 11.3938
11.8778 11.8778
13.2057 13.2057
12.9167 12.9167
12.4646 12.4646
12.1682 12.1682
12.7093 12.7093
12.547 12.547
12.8959 12.8959
12.1824 12.1824
12.8328 12.8328
12.5055 12.5055
11.8681 11.8681
12.3538 12.3538
13.0769 13.0769
13.1074 13.1074
12.9079 12.9079
13.0267 13.0267
12.6454 12.6454
10.9783 10.9783
12.3616 12.3616
11.8766 11.8766
12.2278 12.2278
12.8257 12.8257
11.7982 11.7982
11.4 11.4
12.3743 12.3743
12.239 12.239
11.8415 11.8415
12.151 12.151
13.6034 13.6034
12.4977 12.4977
12.3403 12.3403
12.3456 12.3456
11.6654 11.6654
12.7791 12.7791
12.1709 12.1709
13.0825 13.0825
12.8927 12.8927
11.2596 11.2596
12.1654 12.1654
13.3001 13.3001
12.5314 12.5314
12.6434 12.6434
11.918 11.918
11.9366 11.9366
13.2331 13.2331
13.0416 13.0416
12.5789 12.5789
12.2137 12.2137
13.1337 13.1337
12.9936 12.9936
12.9389 12.9389
11.7952 11.7952
12.3693 12.3693
12.524 12.524
12.924 12.924
12.1009 12.1009
12.4325 12.4325
12.3466 12.3466
13.0608 13.0608
12.5825 12.5825
12.9602 12.9602
13.2367 13.2367
13.1901 13.1901
12.1521 12.1521
13.074 13.074
12.3159 12.3159
12.2979 12.2979
12.8295 12.8295
12.1307 12.1307
12.2576 12.2576
12.7637 12.7637
12.2024 12.2024
13.8368 13.8368
12.6664 12.6664
12.9173 12.9173
11.7436 11.7436
11.7424 11.7424
11.445 11.445
12.2336 12.2336
12.0238 12.0238
12.6675 12.6675
13.1375 13.1375
12.2376 12.2376
20.0352 20.0352
21.7282 21.7282
22.4513 22.4513
22.029 22.029
21.151 21.151
19.0271 19.0271
20.5161 20.5161
22.7208 22.7208
21.3734 21.3734
20.397 20.397
21.875 21.875
21.3834 21.3834
22.1418 22.1418
20.4284 20.4284
21.722 21.722
21.8313 21.8313
19.5753 19.5753
21.9718 21.9718
20.3883 20.3883
21.1679 21.1679
21.7651 21.7651
20.474 20.474
21.0828 21.0828
21.5267 21.5267
20.5569 20.5569
20.4488 20.4488
20.1631 20.1631
21.0611 21.0611
20.5271 20.5271
20.7171 20.7171
20.7295 20.7295
20.8446 20.8446
20.7274 20.7274
21.4006 21.4006
21.0876 21.0876
21.0801 21.0801
21.892 21.892
22.2907 22.2907
20.259 20.259
22.0359 22.0359
20.8276 20.8276
20.3088 20.3088
19.7157 19.7157
22.1114 22.1114
22.1044 22.1044
21.4886 21.4886
20.1386 20.1386
20.7029 20.7029
21.7138 21.7138
21.7112 21.7112
21.1757 21.1757
22.3233 22.3233
21.6656 21.6656
19.8226 19.8226
20.3247 20.3247
22.3924 22.3924
20.0782 20.0782
20.0252 20.0252
21.5814 21.5814
21.821 21.821
19.6989 19.6989
22.265 22.265
22.0305 22.0305
20.4409 20.4409
22.452 22.452
22.3495 22.3495
21.8064 21.8064
21.6123 21.6123
20.466 20.466
19.7082 19.7082
21.1794 21.1794
19.6964 19.6964
20.8947 20.8947
21.6398 21.6398
21.4579 21.4579
22.3561 22.3561
21.9345 21.9345
20.2221 20.2221
21.2826 21.2826
20.5822 20.5822
20.6627 20.6627
22.0002 22.0002
22.1168 22.1168
21.0577 21.0577
21.4181 21.4181
20.0935 20.0935
21.1366 21.1366
21.8032 21.8032
20.1192 20.1192
19.6985 19.6985
20.9124 20.9124
22.5947 22.5947
19.9817 19.9817
20.8176 20.8176
20.7867 20.7867
20.691 20.691
20.581 20.581
19.4316 19.4316
21.0812 21.0812
20.526 20.526
20.4075 20.4075
19.4202 19.4202
22.3262 22.3262
20.6927 20.6927
22.3067 22.3067
20.2099 20.2099
20.9444 20.9444
19.4157 19.4157
20.666 20.666
19.465 19.465
20.6005 20.6005
21.8408 21.8408
20.9229 20.9229
21.1245 21.1245
21.8095 21.8095
19.8542 19.8542
21.4462 21.4462
21.3512 21.3512
21.733 21.733
19.8583 19.8583
21.3773 21.3773
21.3289 21.3289
21.3141 21.3141
20.599 20.599
20.3598 20.3598
22.3155 22.3155
22.1894 22.1894
21.3657 21.3657
20.9629 20.9629
20.7197 20.7197
20.8092 20.8092
21.3916 21.3916
20.4683 20.4683
20.4562 20.4562
20.0389 20.0389
22.0951 22.0951
20.4802 20.4802
20.7689 20.7689
19.4961 19.4961
20.4009 20.4009
20.4855 20.4855
20.4761 20.4761
20.1275 20.1275
20.6943 20.6943
21.2351 21.2351
21.3906 21.3906
20.9763 20.9763
20.5124 20.5124
19.5477 19.5477
20.4279 20.4279
20.4054 20.4054
21.4363 21.4363
21.6352 21.6352
20.8559 20.8559
20.9565 20.9565
20.2667 20.2667
19.2003 19.2003
19.9324 19.9324
21.5838 21.5838
19.6899 19.6899
21.4775 21.4775
20.1686 20.1686
21.2066 21.2066
21.5999 21.5999
20.7228 20.7228
20.5459 20.5459
21.2838 21.2838
22.6169 22.6169
21.0736 21.0736
21.6256 21.6256
20.4594 20.4594
22.5376 22.5376
20.8275 20.8275
20.525 20.525
19.5023 19.5023
20.4003 20.4003
21.3165 21.3165
21.4963 21.4963
20.275 20.275
21.539 21.539
20.6371 20.6371
20.7901 20.7901
20.2205 20.2205
21.0854 21.0854
21.0944 21.0944
20.4479 20.4479
20.2628 20.2628
20.7364 20.7364
20.508 20.508
20.7497 20.7497
20.8299 20.8299
21.5721 21.5721
20.8655 20.8655
20.9658 20.9658
21.6499 21.6499
22.7187 22.7187
20.2237 20.2237
21.7656 21.7656
22.3103 22.3103
20.4935 20.4935
19.6885 19.6885
21.299 21.299
21.7756 21.7756
21.8358 21.8358
20.7643 20.7643
21.7956 21.7956
21.6573 21.6573
20.1566 20.1566
20.2496 20.2496
22.241 22.241
19.736 19.736
21.609 21.609
21.257 21.257
19.7485 19.7485
21.3535 21.3535
20.1257 20.1257
21.0258 21.0258
21.5015 21.5015
19.4831 19.4831
20.0025 20.0025
20.798 20.798
21.2672 21.2672
19.6382 19.6382
20.6205 20.6205
21.5538 21.5538
21.5789 21.5789
21.1565 21.1565
20.8345 20.8345
20.4257 20.4257
20.4112 20.4112
20.3225 20.3225
19.9881 19.9881
19.3417 19.3417
21.2597 21.2597
22.2791 22.2791
21.9794 21.9794
20.2194 20.2194
20.3352 20.3352
20.6606 20.6606
22.2231 22.2231
21.4593 21.4593
19.7068 19.7068
21.6522 21.6522
20.6779 20.6779
21.7327 21.7327
21.5504 21.5504
20.7511 20.7511
21.7136 21.7136
21.396 21.396
22.4559 22.4559
20.293 20.293
19.4504 19.4504
20.6384 20.6384
20.573 20.573
21.5548 21.5548
20.534 20.534
20.485 20.485
20.4471 20.4471
20.1125 20.1125
20.1366 20.1366
22.065 22.065
21.6263 21.6263
20.7261 20.7261
20.7524 20.7524
21.3504 21.3504
21.411 21.411
21.6394 21.6394
20.4573 20.4573
21.9978 21.9978
21.1117 21.1117
20.4153 20.4153
20.9535 20.9535
21.7777 21.7777
21.8471 21.8471
21.7142 21.7142
22.0491 22.0491
21.551 21.551
19.4479 19.4479
21.0747 21.0747
19.8446 19.8446
20.8909 20.8909
21.4396 21.4396
20.7865 20.7865
19.7895 19.7895
21.047 21.047
20.3906 20.3906
20.4519 20.4519
20.7071 20.7071
22.5062 22.5062
20.8095 20.8095
21.23 21.23
20.7338 20.7338
20.0979 20.0979
21.6994 21.6994
20.8646 20.8646
21.5896 21.5896
21.6145 21.6145
19.9783 19.9783
20.5083 20.5083
22.1432 22.1432
20.8997 20.8997
21.3196 21.3196
20.2667 20.2667
20.6458 20.6458
22.1918 22.1918
21.9606 21.9606
20.9863 20.9863
21.0102 21.0102
21.9795 21.9795
21.671 21.671
21.4843 21.4843
20.7751 20.7751
20.7818 20.7818
20.9802 20.9802
21.2941 21.2941
20.101 20.101
20.6826 20.6826
20.756 20.756
21.4433 21.4433
21.3078 21.3078
21.719 21.719
21.7812 21.7812
21.9315 21.9315
21.1827 21.1827
21.5223 21.5223
20.9277 20.9277
21.4024 21.4024
21.2718 21.2718
20.7183 20.7183
20.4572 20.4572
21.4309 21.4309
20.8492 20.8492
23.1482 23.1482
21.665 21.665
21.5091 21.5091
20.0257 20.0257
19.9942 19.9942
19.7686 19.7686
20.6584 20.6584
19.8654 19.8654
21.0164 21.0164
21.5162 21.5162
20.887 20.887
21.269 21.269
23.4449 23.4449
23.8214 23.8214
23.752 23.752
22.2362 22.2362
19.637 19.637
21.575 21.575
24.165 24.165
22.9086 22.9086
21.0477 21.0477
23.6198 23.6198
22.893 22.893
23.5913 23.5913
21.645 21.645
23.2669 23.2669
23.1723 23.1723
20.5114 20.5114
23.4562 23.4562
21.9149 21.9149
22.7765 22.7765
23.1077 23.1077
21.674 21.674
22.732 22.732
22.7016 22.7016
21.5609 21.5609
22.137 22.137
21.0554 21.0554
22.7632 22.7632
22.0124 22.0124
21.9248 21.9248
21.754 21.754
22.1339 22.1339
21.8265 21.8265
22.6275 22.6275
22.197 22.197
22.862 22.862
23.1978 23.1978
23.2471 23.2471
21.3319 21.3319
23.3254 23.3254
21.9686 21.9686
21.7359 21.7359
21.3076 21.3076
23.5817 23.5817
23.599 23.599
23.0634 23.0634
21.2823 21.2823
21.9065 21.9065
23.0644 23.0644
23.159 23.159
22.551 22.551
23.88 23.88
23.2603 23.2603
20.8539 20.8539
21.254 21.254
23.7847 23.7847
21.2116 21.2116
20.9573 20.9573
23.0582 23.0582
23.1987 23.1987
21.0825 21.0825
23.968 23.968
23.0468 23.0468
21.3942 21.3942
23.962 23.962
23.9864 23.9864
22.476 22.476
23.1847 23.1847
21.811 21.811
20.4862 20.4862
22.6173 22.6173
20.6504 20.6504
22.3867 22.3867
23.3571 23.3571
22.7382 22.7382
23.5167 23.5167
23.4571 23.4571
21.453 21.453
22.4987 22.4987
21.8878 21.8878
21.9996 21.9996
23.5546 23.5546
23.5339 23.5339
22.7859 22.7859
22.6676 22.6676
21.3045 21.3045
21.9506 21.9506
23.3215 23.3215
21.2327 21.2327
20.6332 20.6332
22.151 22.151
23.9957 23.9957
21.6656 21.6656
22.3128 22.3128
22.6246 22.6246
22.1106 22.1106
21.559 21.559
20.3854 20.3854
22.1574 22.1574
21.3517 21.3517
22.0893 22.0893
21.1763 21.1763
24.0029 24.0029
21.9575 21.9575
23.5705 23.5705
21.4536 21.4536
22.5124 22.5124
20.5341 20.5341
21.7026 21.7026
20.8856 20.8856
21.8308 21.8308
23.1644 23.1644
22.2321 22.2321
22.5621 22.5621
23.3748 23.3748
21.1539 21.1539
22.8647 22.8647
22.389 22.389
23.0426 23.0426
20.0691 20.0691
22.9517 22.9517
22.876 22.876
22.2601 22.2601
22.2581 22.2581
20.8718 20.8718
23.9838 23.9838
23.3844 23.3844
22.4564 22.4564
22.1967 22.1967
22.384 22.384
21.9631 21.9631
22.6281 22.6281
21.6182 21.6182
21.7706 21.7706
21.1715 21.1715
23.4737 23.4737
22.1623 22.1623
22.0948 22.0948
21.2602 21.2602
21.6545 21.6545
21.5844 21.5844
21.8112 21.8112
21.2805 21.2805
21.3359 21.3359
22.5459 22.5459
22.3952 22.3952
22.348 22.348
21.72 21.72
20.4704 20.4704
21.1557 21.1557
21.4523 21.4523
23.0001 23.0001
23.1304 23.1304
21.6497 21.6497
21.6403 21.6403
21.7482 21.7482
20.6804 20.6804
21.0317 21.0317
22.6844 22.6844
20.344 20.344
23.3336 23.3336
21.1868 21.1868
22.0837 22.0837
23.0874 23.0874
21.6114 21.6114
21.7467 21.7467
22.3459 22.3459
24.3076 24.3076
22.2442 22.2442
22.7853 22.7853
21.7421 21.7421
24.4 24.4
21.8861 21.8861
21.4029 21.4029
20.4307 20.4307
21.8041 21.8041
22.5185 22.5185
22.6757 22.6757
21.6533 21.6533
23.073 23.073
21.9031 21.9031
21.6575 21.6575
20.9738 20.9738
22.3524 22.3524
22.8269 22.8269
21.7424 21.7424
21.8705 21.8705
21.8451 21.8451
21.7186 21.7186
22.1685 22.1685
22.0538 22.0538
23.1603 23.1603
22.5595 22.5595
22.1256 22.1256
23.2513 23.2513
24.4845 24.4845
21.338 21.338
22.5373 22.5373
24.2212 24.2212
21.7974 21.7974
20.8585 20.8585
21.9715 21.9715
23.5625 23.5625
23.4237 23.4237
21.8094 21.8094
22.6799 22.6799
22.7128 22.7128
21.8344 21.8344
21.5167 21.5167
23.5136 23.5136
20.8455 20.8455
23.1696 23.1696
22.4118 22.4118
20.7893 20.7893
22.3172 22.3172
21.412 21.412
22.8052 22.8052
23.2237 23.2237
20.528 20.528
20.2172 20.2172
22.0574 22.0574
22.4736 22.4736
20.7104 20.7104
21.765 21.765
23.3697 23.3697
22.7229 22.7229
22.689 22.689
22.1027 22.1027
21.6089 21.6089
21.8567 21.8567
21.5306 21.5306
21.1835 21.1835
20.5579 20.5579
22.3263 22.3263
23.6991 23.6991
23.4986 23.4986
21.5611 21.5611
20.938 20.938
22.1794 22.1794
23.7185 23.7185
22.6782 22.6782
20.6599 20.6599
23.1266 23.1266
21.3845 21.3845
23.0649 23.0649
22.3969 22.3969
22.3582 22.3582
21.955 21.955
22.9021 22.9021
23.7038 23.7038
21.4056 21.4056
20.6404 20.6404
21.9557 21.9557
21.3157 21.3157
23.1809 23.1809
21.9563 21.9563
21.1217 21.1217
21.3001 21.3001
20.3507 20.3507
21.9984 21.9984
23.4116 23.4116
22.7762 22.7762
22.1228 22.1228
21.6225 21.6225
22.8331 22.8331
22.3659 22.3659
23.0808 23.0808
21.9104 21.9104
23.1599 23.1599
22.8225 22.8225
21.8857 21.8857
22.474 22.474
23.2641 23.2641
23.0524 23.0524
23.1681 23.1681
23.0171 23.0171
21.935 21.935
19.801 19.801
22.2242 22.2242
21.2059 21.2059
22.2545 22.2545
22.6391 22.6391
21.2916 21.2916
21.1593 21.1593
22.294 22.294
21.8404 21.8404
20.916 20.916
21.2832 21.2832
24.4152 24.4152
22.2749 22.2749
22.4149 22.4149
22.293 22.293
21.1333 21.1333
22.8862 22.8862
21.8403 21.8403
22.2907 22.2907
23.0446 23.0446
21.0652 21.0652
21.8572 21.8572
23.3189 23.3189
22.2622 22.2622
22.7812 22.7812
21.329 21.329
21.9725 21.9725
23.6489 23.6489
23.4927 23.4927
22.2748 22.2748
22.1986 22.1986
23.28 23.28
23.4551 23.4551
22.8339 22.8339
21.6448 21.6448
22.1229 22.1229
22.208 22.208
22.5557 22.5557
21.5721 21.5721
22.5153 22.5153
21.8489 21.8489
23.1479 23.1479
22.7646 22.7646
23.1739 23.1739
23.4833 23.4833
23.5681 23.5681
22.6342 22.6342
23.2915 23.2915
22.3128 22.3128
22.9609 22.9609
22.8792 22.8792
21.6532 21.6532
21.339 21.339
22.6224 22.6224
21.7217 21.7217
24.5484 24.5484
23.305 23.305
22.8773 22.8773
21.2383 21.2383
20.9158 20.9158
21.0174 21.0174
21.5084 21.5084
21.2362 21.2362
22.4504 22.4504
23.4116 23.4116
21.8872 21.8872
