4.68578
3.06727
3.18546
4.09665
4.73015
4.20919
4.88242
2.5952
2.85559
2.13592
3.90546
2.59289
4.87082
4.14718
3.08229
3.84253
3.97985
4.94942
2.70802
2.96347
4.83393
4.05466
4.26159
4.78563
2.18574
4.11568
2.94526
3.30484
3.17901
4.02145
3.34962
2.92612
2.02579
4.25156
4.70815
2.48489
3.03025
2.78708
2.93751
4.75487
2.31849
3.10158
4.03934
4.23566
3.82973
3.07559
3.59197
3.74842
4.0368
3.03006
4.22877
4.32884
2.94665
2.06463
3.98308
4.68613
2.80712
4.41649
4.07649
4.87394
3.86216
3.10159
3.70919
3.24262
4.43909
3.28134
3.66476
3.68476
2.7751
3.63376
4.43147
4.92353
4.92603
3.22196
4.30309
4.9946
4.07429
3.84836
4.98075
3.97976
3.29246
4.12314
3.46334
3.28631
4.00598
2.1926
4.85229
4.55086
3.75084
2.87268
3.52059
2.50291
3.44284
4.00066
2.89463
4.49699
4.43585
2.27686
3.27427
2.5746
