4.06554
2.27094
3.11216
3.57863
3.61681
2.07228
3.02662
3.16052
2.41445
2.75626
3.2909
4.07343
2.36322
4.0554
2.92314
3.43132
3.94354
3.13567
2.42844
2.28116
2.88624
2.53988
2.08108
3.45
3.681
2.15919
2.12658
3.32861
3.47559
2.71463
2.27821
2.88261
2.63612
3.161
3.34429
3.68257
3.05174
3.62543
2.04747
3.4544
3.13789
4.03601
3.08436
2.85022
2.23046
2.66941
2.59491
2.78718
3.00084
3.29673
3.86557
2.24239
3.35269
3.03267
2.92518
4.13824
2.92241
2.47262
2.9913
2.73309
2.46111
3.00984
3.83363
3.5828
2.82136
2.66775
2.5937
3.04323
3.72762
3.38882
2.32001
2.01567
