4.74719
3.16876
3.2545
3.06778
4.91223
4.32798
3.83641
3.24051
3.25278
3.7326
3.80367
4.85583
4.15999
3.08129
4.39105
3.86266
4.6254
3.01188
4.1688
3.99659
4.41033
4.61732
3.30016
4.79188
3.73569
3.5808
4.65183
3.80287
4.9147
4.19386
2.9571
4.96837
4.95537
3.9668
4.27635
4.07056
3.88749
4.54101
4.62953
3.79323
3.54131
4.49455
3.17741
4.64185
4.29165
4.26711
3.78788
3.66795
4.68202
3.80207
4.57628
4.60527
3.8744
4.46755
4.73636
3.12622
3.3079
3.52203
3.58024
4.60664
4.60933
3.10087
4.45375
4.97536
4.14935
4.41355
4.45068
3.59475
3.65741
4.12579
3.15025
3.90595
3.40275
3.17344
3.68696
4.23783
3.03683
4.92901
4.10581
3.49142
4.40222
3.0118
3.18386
4.13991
4.49697
3.58427
3.9391
3.67324
3.27265
3.72276
4.45346
4.54209
3.04277
4.92626
3.43585
4.00969
4.37346
4.649
3.15131
4.45935
4.62859
3.24704
4.69963
3.049
4.85325
4.35899
4.7948
4.83583
4.48899
4.47667
4.49385
3.6042
3.60357
3.40989
4.81088
4.95905
3.99654
4.39111
3.46018
4.2532
4.51056
4.86419
3.13893
3.5291
4.91354
4.10966
3.23724
3.51191
4.1722
4.34913
3.35586
4.70642
4.24304
3.35199
4.65694
4.40973
4.65537
3.15134
4.19716
3.84557
4.38356
4.6872
3.08756
3.8109
4.8517
4.83215
4.62753
4.61079
3.08069
3.96467
4.82095
4.67984
4.27145
4.05392
3.52812
3.89818
4.92093
4.30239
4.00854
3.34299
4.30852
4.19272
3.7018
3.77749
3.16609
4.10469
3.60925
3.80332
3.976
4.24676
4.71105
3.22179
4.40046
4.08637
4.77135
4.22939
3.93253
3.61717
3.06761
4.0404
3.03326
3.68889
4.37128
4.60813
3.49145
4.82853
4.80679
4.62498
4.56345
4.71936
4.40689
4.81292
4.45451
4.74095
4.72532
3.52645
4.83214
4.44907
4.68196
3.58286
4.76932
3.78313
4.51842
4.56078
4.38323
4.69114
4.65155
3.95988
3.25836
3.46314
3.48571
4.80778
2.46596
3.4222
4.85355
4.78388
4.32192
3.09621
2.99064
4.51083
3.70985
4.19775
4.13255
4.91635
4.08804
3.78717
4.73284
4.45742
3.19586
3.30206
4.52841
4.62443
4.82752
4.204
3.18708
4.31371
4.59102
3.90876
3.96315
4.48311
3.05461
3.6014
2.86535
3.40822
4.77123
3.38476
4.79261
4.18521
3.40184
4.30459
4.44985
4.36583
4.36197
3.28361
4.01764
4.5386
4.25584
4.86911
3.2951
4.64591
4.40704
2.89867
4.22
4.70448
4.9213
3.61003
4.4186
3.73469
4.15997
3.61714
3.80799
3.59974
4.54157
4.28951
3.86385
4.72968
4.51377
3.53769
4.90993
3.7436
4.2956
4.04667
4.48411
3.07933
3.7248
3.8678
4.18162
4.73997
4.46329
3.70859
3.82919
3.11219
3.37278
4.19924
4.76183
3.27802
3.77585
4.1376
4.22174
2.82939
3.92276
4.14762
4.71287
4.31689
4.84327
3.01479
3.75265
4.36971
4.13532
4.83829
4.61409
4.38836
3.39433
3.1327
4.66962
4.0637
2.96449
3.9582
3.73302
4.7331
3.36226
3.81136
4.59136
3.67938
3.40178
3.96358
3.34496
4.93523
4.68149
4.78998
4.14174
4.95373
3.56314
4.60414
3.29946
3.64163
3.97241
3.11846
3.61033
3.73083
3.70515
3.52267
3.63889
4.59863
4.65854
3.97733
4.13204
3.83798
4.16513
4.17391
3.61815
4.99106
3.9061
3.39757
4.9045
4.34581
4.18742
4.03665
4.30452
3.09534
4.42514
4.937
2.97072
4.00661
4.99843
4.51898
4.37732
4.15662
4.98064
4.92533
4.81028
3.29022
4.84174
4.45665
4.75991
3.05529
3.48269
4.62324
