28.7913
32.2374
30.6936
30.6614
28.6131
31.7207
30.2396
30.7029
30.3582
31.1005
29.6656
29.9854
29.7673
29.4349
31.5034
29.905
29.6581
31.0027
30.8992
32.0064
31.4238
30.9496
31.7091
29.6117
30.6754
31.2514
31.8027
29.334
29.9695
31.6291
30.6531
29.476
31.6077
30.5743
30.2427
28.9756
30.7104
30.6774
31.5296
30.3292
30.7118
29.5885
30.0075
29.9397
31.8393
29.8524
31.6543
30.5974
29.123
30.9626
30.4335
31.5445
30.925
30.9925
30.6763
29.7411
31.1851
30.3649
30.9395
30.0076
32.0507
30.8835
30.1287
29.8092
30.7649
30.0424
30.7
30.4361
29.1889
30.6254
31.6645
31.1661
